#flux	fluxerr
0.529937	0.727968
6.719969	2.592290
0.058162	0.241169
0.138148	0.371682
1.796426	1.340308
1.752809	1.323937
0.036810	0.191859
0.087726	0.296185
0.061101	0.247185
0.027512	0.165866
0.048561	0.220366
2.152644	1.467189
0.277349	0.526639
0.031246	0.176765
0.082425	0.287098
0.516165	0.718446
0.044928	0.211961
0.070237	0.265022
0.256437	0.506396
0.065898	0.256706
0.080329	0.283424
0.120004	0.346415
0.168231	0.410159
1.426027	1.194164
0.155573	0.394427
0.051315	0.226527
0.107619	0.328053
0.049426	0.222319
0.012068	0.109855
0.314725	0.561003
0.050655	0.225066
0.030602	0.174934
0.150948	0.388521
0.065514	0.255957
0.287737	0.536412
0.126571	0.355769
0.087620	0.296007
0.251115	0.501114
0.236272	0.486079
0.654822	0.809211
0.076254	0.276142
0.044877	0.211841
0.090746	0.301241
2.269896	1.506617
0.040810	0.202016
0.036103	0.190009
0.559680	0.748118
0.264245	0.514047
0.244876	0.494849
0.146193	0.382352
0.069696	0.264001
0.135476	0.368071
0.072981	0.270151
0.043068	0.207529
3.978011	1.994495
0.116127	0.340775
0.338587	0.581882
0.143268	0.378508
0.067110	0.259056
0.044770	0.211589
0.269323	0.518964
0.145767	0.381795
9.601842	3.098684
2.994090	1.730344
0.068634	0.261981
0.199819	0.447011
0.089237	0.298726
0.036454	0.190930
169.431778	13.016596
0.069408	0.263455
0.040029	0.200072
0.281115	0.530203
0.198141	0.445130
0.037307	0.193151
0.102849	0.320700
0.080323	0.283413
0.064521	0.254010
0.210368	0.458659
0.189599	0.435429
0.530564	0.728398
1.328347	1.152539
0.067092	0.259020
0.014787	0.121601
0.087971	0.296600
0.016834	0.129744
0.036587	0.191278
0.722293	0.849878
0.079654	0.282231
0.073239	0.270627
0.283651	0.532589
0.030862	0.175675
0.156689	0.395840
0.018138	0.134678
0.109733	0.331259
0.462675	0.680202
0.097926	0.312932
1.050666	1.025020
0.026317	0.162226
0.073543	0.271189
0.070544	0.265601
0.050911	0.225635
0.004799	0.069276
0.024020	0.154983
0.265707	0.515468
0.026000	0.161245
0.820481	0.905804
0.032383	0.179952
0.557663	0.746768
0.300961	0.548599
0.089049	0.298412
0.083852	0.289572
0.037887	0.194647
0.067489	0.259787
0.047220	0.217301
-0.004187	nan
7.844836	2.800863
0.056283	0.237241
0.041513	0.203747
0.049320	0.222082
0.297725	0.545642
1.300295	1.140305
1.017145	1.008536
3.032582	1.741431
0.132764	0.364368
0.325725	0.570723
0.195270	0.441893
0.112321	0.335143
0.124323	0.352594
0.041109	0.202752
0.385495	0.620883
0.074874	0.273631
0.167378	0.409119
0.034306	0.185220
0.146823	0.383175
2.087586	1.444848
0.304771	0.552061
0.923977	0.961237
0.035143	0.187465
0.294297	0.542492
0.033894	0.184103
0.070869	0.266213
0.028733	0.169509
0.022656	0.150520
0.054363	0.233158
3.825601	1.955914
7.658705	2.767436
0.278144	0.527393
0.340470	0.583498
1.625910	1.275112
0.955489	0.977491
0.196192	0.442936
3.083405	1.755963
0.252571	0.502565
0.126905	0.356237
0.076309	0.276240
0.951689	0.975545
0.567419	0.753272
1.044337	1.021928
2.427592	1.558073
0.010478	0.102364
0.068391	0.261518
1.224235	1.106451
0.131728	0.362944
0.254913	0.504889
0.616628	0.785257
1.199558	1.095244
0.112170	0.334917
0.053408	0.231101
0.051822	0.227645
0.133254	0.365039
0.230618	0.480227
0.319771	0.565483
3.298492	1.816175
0.161462	0.401823
0.138770	0.372519
0.086692	0.294435
0.050433	0.224573
0.147221	0.383693
0.144761	0.380475
0.141499	0.376163
0.339322	0.582514
2.516539	1.586360
0.331186	0.575488
0.133872	0.365886
0.017503	0.132300
0.033662	0.183472
1.262690	1.123695
0.038515	0.196252
7.301523	2.702133
0.063309	0.251612
0.042705	0.206651
0.015270	0.123571
0.101306	0.318287
0.079635	0.282196
0.676440	0.822460
0.385669	0.621023
0.053855	0.232066
0.162930	0.403646
0.404605	0.636085
0.017527	0.132390
0.092827	0.304675
0.320970	0.566543
0.591234	0.768917
0.047900	0.218861
0.058174	0.241193
0.058773	0.242431
0.219200	0.468188
1.279233	1.131032
0.355493	0.596232
0.070097	0.264759
0.193307	0.439667
13.728568	3.705208
0.035496	0.188404
0.302806	0.550278
0.373774	0.611370
0.075665	0.275073
0.064321	0.253617
0.248508	0.498506
0.522037	0.722522
0.206605	0.454538
0.440443	0.663658
0.199497	0.446651
2.642801	1.625669
1.202469	1.096572
0.098193	0.313358
0.068010	0.260786
0.180212	0.424514
5.311049	2.304571
0.037664	0.194073
0.053000	0.230217
0.132155	0.363532
0.089519	0.299197
0.024387	0.156164
0.356364	0.596962
0.226507	0.475928
0.098267	0.313476
0.077545	0.278469
1.011174	1.005571
0.404828	0.636261
0.059000	0.242899
0.434052	0.658826
0.241041	0.490959
1.129931	1.062982
0.123645	0.351632
1.548132	1.244239
3.831805	1.957500
0.035039	0.187186
0.061496	0.247985
0.109832	0.331409
0.543912	0.737504
0.023347	0.152796
0.179221	0.423345
4.657612	2.158150
0.100665	0.317278
11.381133	3.373593
0.009126	0.095529
0.044445	0.210820
0.019026	0.137936
0.143986	0.379455
7.002790	2.646279
1.991841	1.411326
0.010733	0.103601
0.211149	0.459510
0.592504	0.769743
0.177597	0.421423
0.022285	0.149283
1.917231	1.384641
0.217116	0.465957
0.394207	0.627859
0.050184	0.224018
0.034435	0.185567
3.754471	1.937646
0.013711	0.117095
1.348831	1.161392
0.365038	0.604184
0.061577	0.248148
0.080135	0.283081
0.457495	0.676383
0.188938	0.434670
0.440803	0.663930
0.050100	0.223830
0.422301	0.649847
0.081459	0.285410
0.282058	0.531092
0.105674	0.325076
0.103720	0.322056
0.073724	0.271522
0.230409	0.480009
0.368446	0.606997
0.132036	0.363368
0.055499	0.235582
1017.861043	31.903935
0.108111	0.328802
0.110703	0.332721
0.176274	0.419849
0.193129	0.439464
0.100402	0.316863
0.138683	0.372402
12.062109	3.473055
0.155236	0.394000
0.033434	0.182849
0.047479	0.217896
0.597893	0.773235
0.225282	0.474639
0.180066	0.424342
0.048289	0.219749
0.036082	0.189952
17.342079	4.164382
0.068476	0.261679
0.485051	0.696456
0.373612	0.611238
0.670404	0.818782
0.430838	0.656383
0.019663	0.140225
1.713147	1.308872
0.091858	0.303081
1.618368	1.272151
25.572845	5.056960
0.674377	0.821204
0.123776	0.351818
0.192965	0.439278
0.339706	0.582843
0.082882	0.287892
5.961596	2.441638
0.084402	0.290519
0.105346	0.324571
0.106747	0.326722
0.043958	0.209661
0.115196	0.339405
0.666828	0.816595
0.039168	0.197910
0.359836	0.599863
0.189441	0.435248
233.671686	15.286323
0.146848	0.383208
3.535379	1.880260
0.547208	0.739735
0.039668	0.199169
0.056494	0.237684
0.351528	0.592898
1.057070	1.028139
0.058083	0.241003
0.013645	0.116811
0.740480	0.860511
0.054241	0.232896
0.466971	0.683353
0.195587	0.442253
0.128360	0.358274
0.997304	0.998651
0.053021	0.230263
0.060828	0.246634
0.071714	0.267795
0.038466	0.196129
1.367385	1.169352
0.036576	0.191249
0.063094	0.251186
0.178095	0.422013
0.102714	0.320490
1.115393	1.056122
0.504337	0.710167
0.422246	0.649804
0.068901	0.262491
0.081675	0.285788
0.008918	0.094435
0.086045	0.293334
0.110127	0.331854
7.820985	2.796602
0.128684	0.358726
0.118956	0.344900
0.956820	0.978172
0.538456	0.733796
0.035206	0.187632
8.079057	2.842368
0.308416	0.555353
0.336680	0.580241
0.064358	0.253689
0.279623	0.528794
0.338193	0.581543
1.388651	1.178410
0.505523	0.711001
0.065733	0.256385
0.269012	0.518664
0.086438	0.294004
0.222246	0.471430
0.051880	0.227771
1.560031	1.249012
4.519028	2.125801
0.324967	0.570059
0.110173	0.331923
0.120216	0.346722
0.300907	0.548550
0.053228	0.230712
0.359723	0.599769
2.900284	1.703022
0.094145	0.306831
0.086655	0.294372
0.021804	0.147663
0.051161	0.226188
0.055153	0.234847
0.135892	0.368635
0.259401	0.509314
0.076925	0.277353
0.085691	0.292730
0.447894	0.669249
0.036292	0.190505
0.167540	0.409317
1.919175	1.385343
0.035942	0.189584
0.074477	0.272905
0.985759	0.992854
0.592037	0.769439
0.326055	0.571013
0.149155	0.386206
0.697503	0.835166
0.317907	0.563832
0.620009	0.787407
0.116053	0.340666
8.450111	2.906907
0.094634	0.307627
0.013665	0.116898
0.072511	0.269279
0.139233	0.373140
0.105258	0.324435
2.773265	1.665312
0.030426	0.174432
0.147453	0.383996
0.046165	0.214860
0.092932	0.304847
0.061292	0.247572
1.400482	1.183420
0.795567	0.891946
0.236293	0.486099
0.084323	0.290384
0.618064	0.786170
0.067046	0.258932
0.022596	0.150318
0.083198	0.288440
0.181786	0.426363
0.097613	0.312431
0.967434	0.983582
0.111651	0.334142
0.452189	0.672450
0.157585	0.396970
0.095458	0.308963
0.522070	0.722544
0.384225	0.619859
0.035626	0.188748
0.528537	0.727005
138.394545	11.764121
5.305177	2.303297
1.708636	1.307148
0.079519	0.281991
3.637335	1.907180
2.713959	1.647410
2.677579	1.636331
0.053152	0.230548
0.540958	0.735499
0.127969	0.357728
1.192363	1.091954
0.670073	0.818580
0.022193	0.148974
3.978478	1.994612
0.118463	0.344184
0.110482	0.332388
0.038614	0.196505
0.068273	0.261291
0.227457	0.476925
0.464962	0.681881
0.094249	0.307001
1.301193	1.140698
0.156296	0.395342
0.080393	0.283537
0.030623	0.174994
1.828239	1.352124
0.191578	0.437696
0.012849	0.113352
0.135594	0.368231
0.186623	0.431999
0.571669	0.756088
0.030168	0.173689
0.959861	0.979725
0.071187	0.266809
0.023217	0.152370
0.031195	0.176621
0.024296	0.155872
0.110640	0.332626
0.256561	0.506518
0.132645	0.364204
4.337488	2.082664
0.180205	0.424505
0.126183	0.355222
0.154375	0.392905
0.312410	0.558936
0.015776	0.125603
0.266851	0.516576
0.845212	0.919354
3.902673	1.975518
0.744675	0.862946
0.363147	0.602617
0.693970	0.833049
0.359481	0.599567
0.031759	0.178212
0.131589	0.362751
0.291618	0.540017
0.062878	0.250755
0.012873	0.113461
0.182049	0.426671
0.076737	0.277015
0.057273	0.239317
0.054228	0.232869
0.653099	0.808145
0.638705	0.799190
0.069015	0.262707
0.184614	0.429667
0.106567	0.326446
0.026121	0.161619
0.718684	0.847752
0.151335	0.389018
2.306480	1.518710
0.131530	0.362671
4.509992	2.123674
0.032066	0.179070
0.303680	0.551072
0.752673	0.867567
0.033919	0.184172
0.221661	0.470809
0.722074	0.849749
0.038219	0.195496
0.235449	0.485230
0.195500	0.442154
0.011268	0.106149
0.310316	0.557061
0.070285	0.265114
1.073590	1.036142
0.384921	0.620420
0.061876	0.248749
0.570213	0.755125
0.031633	0.177858
0.258908	0.508830
0.085035	0.291608
0.016221	0.127363
0.068320	0.261380
0.051706	0.227389
0.359302	0.599418
0.241952	0.491886
0.224602	0.473922
0.088931	0.298214
0.113853	0.337422
0.008711	0.093334
0.552514	0.743313
0.292745	0.541059
0.240564	0.490473
0.149531	0.386693
0.062892	0.250783
0.692208	0.831990
0.154911	0.393588
0.138857	0.372635
-0.002264	nan
0.466762	0.683200
0.022681	0.150603
0.122225	0.349607
4.351122	2.085934
0.359119	0.599265
0.007073	0.084102
0.083921	0.289691
0.098535	0.313902
0.057370	0.239520
0.446304	0.668060
0.058490	0.241846
5.675212	2.382270
5.132500	2.265502
0.742275	0.861554
0.152646	0.390699
0.286015	0.534804
0.073464	0.271043
0.023417	0.153027
0.613398	0.783197
8.679994	2.946183
0.126698	0.355947
4.333678	2.081749
0.208365	0.456470
1.170606	1.081945
0.428516	0.654612
0.317507	0.563478
0.114559	0.338465
0.062699	0.250399
0.028047	0.167474
0.087058	0.295057
0.017122	0.130849
4.264856	2.065153
0.061012	0.247007
0.082167	0.286648
0.942177	0.970658
0.095751	0.309436
0.227402	0.476867
0.710788	0.843083
0.376612	0.613687
0.046388	0.215379
0.310149	0.556910
0.113250	0.336526
0.356229	0.596849
0.039889	0.199722
0.017408	0.131941
0.102992	0.320924
0.061378	0.247745
-0.010406	nan
0.044425	0.210773
0.096894	0.311278
0.063194	0.251384
0.169340	0.411510
0.798611	0.893650
0.083571	0.289087
0.692710	0.832292
0.757245	0.870198
8.984166	2.997360
0.064364	0.253701
0.195081	0.441679
0.045879	0.214194
0.357234	0.597691
18.488109	4.299780
0.017394	0.131886
0.036078	0.189942
0.049952	0.223499
0.053148	0.230539
0.484828	0.696296
7.875718	2.806371
1.919002	1.385280
4.872448	2.207362
0.104259	0.322892
0.025966	0.161139
0.008036	0.089644
1.319265	1.148593
0.064136	0.253250
0.126043	0.355025
0.312233	0.558778
0.081264	0.285069
0.113731	0.337240
0.035961	0.189635
0.029677	0.172271
0.466004	0.682645
0.033940	0.184227
0.716279	0.846333
0.024568	0.156741
0.196870	0.443701
0.934150	0.966514
2.944742	1.716025
0.053809	0.231967
0.036159	0.190156
0.109033	0.330202
0.147255	0.383739
0.382352	0.618346
0.526127	0.725346
0.087018	0.294988
0.546617	0.739335
0.346128	0.588326
0.048337	0.219856
0.058846	0.242582
0.617959	0.786104
0.292443	0.540780
0.064017	0.253015
0.447304	0.668808
0.302946	0.550405
8.326591	2.885583
0.140062	0.374248
0.036908	0.192114
10.125281	3.182025
0.134420	0.366634
0.125542	0.354319
0.057257	0.239284
0.169388	0.411568
0.044859	0.211800
0.320676	0.566283
0.087354	0.295557
0.121804	0.349005
0.080611	0.283920
3.928810	1.982123
0.310227	0.556980
0.038995	0.197472
4.912883	2.216502
0.114210	0.337949
0.041347	0.203339
0.299284	0.547068
0.379378	0.615937
0.203577	0.451195
0.289605	0.538149
0.136134	0.368963
0.309384	0.556223
0.238740	0.488610
0.998774	0.999387
0.063280	0.251555
0.701726	0.837691
0.799142	0.893948
0.110832	0.332915
0.069527	0.263680
1.113947	1.055437
2.105209	1.450934
0.673912	0.820921
0.094526	0.307450
0.075632	0.275013
0.202401	0.449890
0.265748	0.515508
0.088981	0.298297
0.123369	0.351239
5.523681	2.350251
0.057442	0.239672
0.015241	0.123454
0.150026	0.387331
0.172186	0.414952
1.239002	1.113105
0.240845	0.490760
0.273664	0.523129
0.120581	0.347248
0.075764	0.275252
0.063716	0.252421
0.806264	0.897922
113.067955	10.633342
0.097186	0.311747
0.274650	0.524070
0.033947	0.184247
0.074921	0.273716
0.097622	0.312444
1.900687	1.378654
0.244168	0.494134
0.102910	0.320795
1.776537	1.332868
104.602149	10.227519
0.413545	0.643074
0.262233	0.512087
0.434711	0.659326
0.127001	0.356372
0.054486	0.233423
0.018701	0.136751
0.050492	0.224703
0.156340	0.395398
0.079631	0.282190
0.202244	0.449716
0.231847	0.481505
0.033585	0.183262
0.210448	0.458747
0.270184	0.519792
0.561878	0.749585
0.107636	0.328079
0.159266	0.399082
0.030856	0.175660
1.078872	1.038688
0.160234	0.400292
0.863476	0.929234
1.685961	1.298446
0.094765	0.307839
1.960379	1.400135
0.287022	0.535745
0.124736	0.353180
0.433977	0.658769
0.023276	0.152564
0.093680	0.306072
0.042423	0.205968
11.900998	3.449782
0.046788	0.216306
7.930043	2.816033
0.236306	0.486113
0.033744	0.183695
0.091177	0.301955
0.369637	0.607978
0.040969	0.202408
0.223840	0.473117
2.223115	1.491012
0.096682	0.310937
0.083602	0.289141
3.747017	1.935721
0.116764	0.341707
0.059827	0.244596
0.907052	0.952393
1.429822	1.195752
0.094846	0.307971
0.064697	0.254356
3.132456	1.769875
0.813591	0.901993
0.100878	0.317613
0.150934	0.388502
0.092318	0.303838
0.416756	0.645566
0.120462	0.347077
0.033535	0.183126
0.384167	0.619812
26.271805	5.125603
0.032350	0.179860
0.036042	0.189847
5.521883	2.349869
0.332987	0.577050
0.156492	0.395590
0.309907	0.556692
0.038998	0.197479
0.134994	0.367415
0.669526	0.818246
1.638879	1.280187
0.229819	0.479394
0.163362	0.404181
0.700032	0.836679
0.028460	0.168700
0.075716	0.275166
0.098447	0.313763
0.066450	0.257779
0.045044	0.212235
0.142927	0.378057
0.457696	0.676532
7.588922	2.754800
0.521970	0.722475
0.236958	0.486784
0.047203	0.217262
1.425436	1.193916
0.855832	0.925112
0.082683	0.287546
0.029196	0.170870
0.181725	0.426293
0.080265	0.283310
0.898397	0.947838
0.061390	0.247771
0.334274	0.578165
0.334021	0.577946
0.105417	0.324680
0.156446	0.395533
0.095260	0.308642
0.037631	0.193988
0.115886	0.340421
0.093664	0.306045
0.316259	0.562369
4.518131	2.125590
13.342026	3.652674
0.288236	0.536876
0.137283	0.370518
0.782900	0.884816
0.066696	0.258256
0.090481	0.300801
0.346461	0.588609
0.361562	0.601301
0.204437	0.452147
0.014340	0.119751
0.080512	0.283747
0.027648	0.166277
0.894041	0.945538
9.125526	3.020849
0.078545	0.280259
0.696318	0.834456
5.067282	2.251062
0.147094	0.383529
0.066520	0.257914
0.089577	0.299294
0.276035	0.525390
0.169178	0.411313
0.411777	0.641699
0.098856	0.314413
0.060268	0.245496
0.050305	0.224287
2.802950	1.674201
0.054935	0.234382
0.370990	0.609089
0.240401	0.490307
0.046411	0.215433
0.042094	0.205167
0.294250	0.542448
0.631224	0.794496
0.103446	0.321631
0.082078	0.286493
0.106714	0.326671
1.080938	1.039682
0.523639	0.723629
0.174982	0.418308
0.034580	0.185958
0.117182	0.342319
0.050044	0.223706
0.083310	0.288635
0.717793	0.847227
0.059101	0.243107
0.078922	0.280930
0.921911	0.960162
1.047330	1.023391
0.058301	0.241457
0.054123	0.232643
0.165873	0.407276
2.657033	1.630041
0.151352	0.389040
0.120124	0.346589
0.023447	0.153125
1.609549	1.268680
0.036374	0.190720
0.110591	0.332552
9.281369	3.046534
0.095798	0.309513
0.141171	0.375727
0.219808	0.468837
0.469914	0.685503
0.026734	0.163505
0.025590	0.159968
0.125589	0.354386
0.101910	0.319233
0.050783	0.225350
0.148180	0.384941
0.154044	0.392484
0.067110	0.259056
0.054339	0.233108
0.347488	0.589481
0.301086	0.548713
0.135201	0.367697
1.055530	1.027390
0.019210	0.138602
0.179658	0.423860
0.004430	0.066557
0.319035	0.564832
0.151645	0.389416
0.296919	0.544903
0.453553	0.673463
0.055612	0.235822
1.158211	1.076202
0.523089	0.723249
0.622915	0.789250
0.379912	0.616370
0.988556	0.994262
0.058171	0.241186
0.058477	0.241821
0.271292	0.520857
0.304871	0.552151
0.303409	0.550825
0.078640	0.280429
0.045024	0.212188
0.050928	0.225673
0.012995	0.113995
0.368121	0.606730
10.890408	3.300062
13.589434	3.686385
2.563329	1.601040
5.188452	2.277817
2.938851	1.714308
0.957748	0.978646
2.872978	1.694986
0.331043	0.575363
3.698716	1.923205
0.237957	0.487809
0.821634	0.906441
1.255941	1.120688
0.163974	0.404937
0.052826	0.229838
0.027634	0.166235
0.076398	0.276401
0.112937	0.336062
0.211343	0.459720
0.090586	0.300976
0.180780	0.425182
0.212780	0.461280
1.731034	1.315688
1.752908	1.323974
0.150955	0.388530
0.023790	0.154239
0.090057	0.300094
67.361714	8.207418
0.036550	0.191182
0.012800	0.113135
0.098231	0.313418
0.093450	0.305695
0.130403	0.361114
0.069269	0.263190
0.299665	0.547417
0.885073	0.940783
0.610269	0.781197
0.171687	0.414352
0.081221	0.284993
0.446364	0.668105
0.783451	0.885127
0.208776	0.456920
0.171899	0.414607
0.217294	0.466148
0.239056	0.488933
1.225320	1.106942
5.329081	2.308480
0.178478	0.422467
0.023484	0.153246
0.306809	0.553903
0.216599	0.465402
0.064684	0.254330
0.030446	0.174488
0.076022	0.275721
0.061358	0.247705
1.169531	1.081449
0.042684	0.206601
0.254260	0.504242
0.087483	0.295775
1.775777	1.332583
0.089615	0.299358
0.021521	0.146701
0.107040	0.327169
0.123229	0.351039
4.207937	2.051326
0.151617	0.389380
6.237332	2.497465
0.252117	0.502113
0.162945	0.403665
0.051928	0.227877
0.093332	0.305503
0.293817	0.542049
0.076748	0.277034
0.063605	0.252200
0.094837	0.307957
1.847060	1.359066
0.160765	0.400955
0.212593	0.461078
0.061565	0.248123
0.100145	0.316457
0.023419	0.153032
0.152348	0.390318
3.025558	1.739413
0.049833	0.223232
0.060070	0.245091
2.184538	1.478018
0.102934	0.320834
0.090542	0.300902
0.058594	0.242062
0.112285	0.335090
0.122486	0.349980
0.870254	0.932874
0.315217	0.561442
0.084101	0.290001
0.292534	0.540864
0.040462	0.201152
0.084749	0.291117
0.296894	0.544879
0.198233	0.445234
0.031563	0.177660
0.159043	0.398802
0.098673	0.314123
0.031838	0.178432
1.067098	1.033004
0.371914	0.609847
0.290070	0.538581
0.105949	0.325498
0.107979	0.328602
0.072971	0.270131
0.435226	0.659716
0.096307	0.310334
3.168663	1.780074
0.360008	0.600007
0.030099	0.173489
0.306154	0.553312
1.066303	1.032620
0.117705	0.343081
0.490814	0.700581
0.148792	0.385735
0.144306	0.379876
0.775293	0.880507
0.017429	0.132019
0.226551	0.475974
0.830612	0.911379
0.782679	0.884692
0.147746	0.384377
0.048204	0.219554
33.426436	5.781560
0.891473	0.944178
0.014213	0.119217
0.054797	0.234088
0.136995	0.370128
0.197474	0.444380
0.097031	0.311498
0.083300	0.288618
0.126253	0.355321
0.407158	0.638089
1.098708	1.048193
0.056469	0.237632
0.456187	0.675416
0.037846	0.194540
0.136010	0.368795
0.050559	0.224852
0.066338	0.257561
0.089559	0.299265
0.113790	0.337328
0.244679	0.494650
0.416948	0.645715
0.043029	0.207434
0.071629	0.267635
0.179295	0.423432
9.856330	3.139479
0.236853	0.486675
0.132865	0.364507
0.038351	0.195835
3.661515	1.913509
0.038175	0.195385
0.012480	0.111712
1.820143	1.349127
0.049552	0.222602
0.507096	0.712107
0.100522	0.317051
0.032443	0.180120
0.054167	0.232739
0.080232	0.283253
0.339141	0.582358
0.040767	0.201908
0.544691	0.738032
0.764522	0.874369
0.115724	0.340183
2.259816	1.503268
0.125836	0.354733
0.139138	0.373012
0.174426	0.417643
0.046184	0.214904
1.285569	1.133830
0.143252	0.378487
10.450189	3.232675
0.071800	0.267955
0.875364	0.935609
0.137785	0.371194
0.166472	0.408009
0.139631	0.373672
0.069620	0.263857
0.363435	0.602856
0.057865	0.240550
0.061012	0.247007
0.169451	0.411645
0.053071	0.230372
0.158058	0.397565
0.199566	0.446728
0.046247	0.215052
0.128262	0.358137
0.076750	0.277037
0.700237	0.836801
0.044138	0.210092
0.616194	0.784980
1.065314	1.032141
0.024903	0.157807
0.047812	0.218659
0.048562	0.220368
0.183880	0.428812
0.047570	0.218105
0.090561	0.300934
2.418623	1.555192
0.139291	0.373217
0.694441	0.833331
0.092210	0.303662
0.256609	0.506566
0.036686	0.191536
0.176366	0.419959
0.180055	0.424329
0.346853	0.588943
0.509196	0.713580
0.022148	0.148822
0.034863	0.186717
0.046675	0.216043
0.077717	0.278778
0.053878	0.232117
0.697173	0.834969
0.415311	0.644446
0.438319	0.662056
0.101785	0.319038
0.171714	0.414384
0.225796	0.475180
0.440523	0.663719
1.199630	1.095276
0.601158	0.775344
0.667181	0.816811
0.162155	0.402684
0.046203	0.214948
0.158908	0.398632
0.038119	0.195242
3.091348	1.758223
0.203964	0.451623
0.091314	0.302182
0.047873	0.218800
0.046377	0.215353
0.598125	0.773386
0.087624	0.296014
0.367650	0.606341
0.059342	0.243603
0.197511	0.444422
0.206223	0.454118
0.047536	0.218028
6.721561	2.592597
0.304668	0.551967
0.060121	0.245197
0.082311	0.286900
0.081794	0.285997
0.089782	0.299636
0.041798	0.204446
0.158787	0.398481
0.097532	0.312301
0.286507	0.535263
64.272258	8.016998
0.595860	0.771919
0.135958	0.368725
0.028751	0.169560
0.028262	0.168113
0.954766	0.977121
0.397306	0.630322
0.073426	0.270972
1.512740	1.229935
2.411388	1.552865
0.174304	0.417497
0.342168	0.584951
0.028499	0.168815
0.042459	0.206057
0.087426	0.295679
0.088912	0.298181
1.511501	1.229431
0.208483	0.456599
1.199576	1.095251
0.074826	0.273544
0.381853	0.617942
0.438340	0.662072
0.280858	0.529961
0.178544	0.422545
0.029528	0.171836
0.037897	0.194670
0.224392	0.473701
0.107710	0.328193
0.086931	0.294840
0.058264	0.241379
0.050895	0.225599
0.131126	0.362113
0.820771	0.905964
0.460687	0.678739
0.148816	0.385767
0.053203	0.230657
0.062418	0.249836
0.364146	0.603445
0.068674	0.262058
0.312908	0.559382
0.029217	0.170928
1.749684	1.322756
0.032560	0.180443
0.033846	0.183973
-0.003576	nan
0.059863	0.244669
0.007605	0.087209
1.180018	1.086286
0.117593	0.342918
0.173437	0.416457
0.044308	0.210495
0.078400	0.279999
0.083592	0.289123
0.116426	0.341212
3.351674	1.830758
0.075636	0.275021
0.167434	0.409187
0.758927	0.871164
0.834356	0.913431
1.030429	1.015100
0.276776	0.526095
0.176388	0.419986
0.045887	0.214213
0.018918	0.137542
0.062862	0.250723
0.106773	0.326761
0.074448	0.272851
0.071733	0.267831
0.027839	0.166851
0.060087	0.245126
0.134928	0.367326
0.088758	0.297923
0.578535	0.760615
1.854316	1.361733
0.319861	0.565562
0.156507	0.395609
0.032420	0.180055
0.063037	0.251071
0.245827	0.495809
0.047274	0.217427
0.005637	0.075083
0.107985	0.328611
0.178451	0.422435
0.827556	0.909701
0.282046	0.531080
0.197505	0.444416
0.204057	0.451727
0.057138	0.239036
0.066393	0.257668
0.385721	0.621064
0.123198	0.350995
0.103016	0.320961
0.133593	0.365504
0.142634	0.377669
0.095039	0.308284
2.024538	1.422863
0.403938	0.635561
0.300813	0.548465
0.631287	0.794536
0.034255	0.185082
0.045493	0.213291
0.791386	0.889599
0.455245	0.674719
0.010264	0.101310
0.773236	0.879339
0.143919	0.379367
0.070448	0.265420
0.190980	0.437013
0.054863	0.234229
0.105777	0.325234
0.327496	0.572273
0.042806	0.206896
0.138515	0.372176
0.108418	0.329268
0.276052	0.525407
0.092721	0.304501
0.794104	0.891125
3.866475	1.966336
4.730204	2.174903
0.277174	0.526473
0.999418	0.999709
0.007317	0.085538
0.072212	0.268722
12.169631	3.488500
0.033185	0.182168
0.138467	0.372111
0.098928	0.314528
0.131943	0.363239
13.320249	3.649692
24.148252	4.914087
1.769523	1.330234
0.165456	0.406763
0.129630	0.360042
0.772488	0.878913
0.124932	0.353458
0.129080	0.359277
0.049377	0.222208
0.379604	0.616120
0.078524	0.280221
1.346444	1.160364
2.108664	1.452124
0.187291	0.432772
0.046068	0.214634
0.295652	0.543739
1.823410	1.350337
0.391439	0.625651
0.381737	0.617849
0.092451	0.304057
1.619159	1.272462
0.174028	0.417167
0.106379	0.326159
0.160695	0.400868
0.029891	0.172890
3.588365	1.894298
0.275708	0.525079
0.046741	0.216198
0.022748	0.150824
0.112841	0.335918
0.101590	0.318732
0.592777	0.769920
0.665314	0.815668
2.224730	1.491553
0.162867	0.403568
0.061075	0.247134
0.200275	0.447521
0.510212	0.714291
0.042301	0.205672
0.039486	0.198712
0.012217	0.110530
0.617944	0.786094
0.242584	0.492528
0.196561	0.443352
0.393716	0.627468
0.133241	0.365021
0.030042	0.173327
0.062876	0.250751
6.612380	2.571455
0.044949	0.212013
0.117994	0.343503
0.044985	0.212096
0.426649	0.653183
0.028128	0.167714
0.312232	0.558777
0.158051	0.397557
0.078559	0.280283
0.806371	0.897982
0.409523	0.639940
0.067506	0.259819
0.579449	0.761215
0.188374	0.434021
0.394263	0.627904
0.031721	0.178103
0.189171	0.434938
0.168795	0.410847
0.074095	0.272203
0.107422	0.327753
0.155182	0.393932
0.747963	0.864849
0.822376	0.906849
0.216171	0.464942
0.045476	0.213250
0.083647	0.289218
0.088513	0.297511
0.173734	0.416814
0.378055	0.614861
1.845746	1.358582
0.704776	0.839509
0.026818	0.163762
1.705765	1.306050
0.074700	0.273313
0.195738	0.442422
0.252458	0.502452
0.366400	0.605310
0.335345	0.579090
0.125461	0.354204
0.049087	0.221556
0.130246	0.360896
0.099578	0.315559
0.120040	0.346468
0.039400	0.198494
0.357987	0.598320
0.093200	0.305286
0.126425	0.355563
0.089055	0.298420
0.102693	0.320457
0.112928	0.336048
0.211255	0.459625
0.236037	0.485837
0.144128	0.379642
0.012297	0.110891
2.808818	1.675953
0.230536	0.480142
0.195916	0.442624
0.113341	0.336662
0.339089	0.582314
6.345543	2.519036
0.118677	0.344496
0.288093	0.536743
0.132251	0.363663
0.459408	0.677796
0.597424	0.772932
0.098649	0.314085
0.135327	0.367868
0.064615	0.254195
0.229057	0.478599
0.506058	0.711378
0.025876	0.160860
0.070400	0.265330
0.248303	0.498300
0.043665	0.208962
0.073000	0.270185
0.089470	0.299115
0.068561	0.261842
0.085647	0.292655
0.414326	0.643682
0.126214	0.355266
0.022244	0.149145
0.019890	0.141033
0.140499	0.374832
0.110755	0.332799
0.319192	0.564971
0.309062	0.555934
0.079012	0.281091
0.208448	0.456561
0.053834	0.232022
85.934105	9.270065
2.329566	1.526292
0.550463	0.741932
0.027965	0.167226
0.048137	0.219402
0.335872	0.579544
0.115920	0.340471
0.501366	0.708072
0.232053	0.481718
0.186953	0.432381
0.016393	0.128037
0.222209	0.471391
0.184489	0.429521
0.057950	0.240727
0.157040	0.396282
0.041946	0.204807
7.241699	2.691041
0.182337	0.427010
0.037241	0.192980
1.207992	1.099087
0.168965	0.411053
2.452363	1.566002
0.064048	0.253076
0.727970	0.853212
0.026048	0.161395
0.019051	0.138025
10.337552	3.215206
0.556850	0.746224
0.044964	0.212048
0.014959	0.122306
0.015000	0.122474
0.086543	0.294182
0.143702	0.379080
0.199263	0.446389
0.121053	0.347926
0.076114	0.275887
0.049632	0.222781
0.063358	0.251710
0.891454	0.944168
1.940274	1.392937
0.050244	0.224151
0.115588	0.339982
0.026365	0.162374
1.311012	1.144994
0.504304	0.710144
0.303980	0.551344
0.014282	0.119507
0.046978	0.216744
0.064506	0.253980
0.234364	0.484111
0.722651	0.850089
0.004873	0.069805
0.123370	0.351240
0.033667	0.183484
3.319326	1.821902
2.011563	1.418296
0.064498	0.253964
0.119164	0.345202
0.368925	0.607392
0.097534	0.312305
0.116300	0.341027
0.093250	0.305369
0.090145	0.300241
0.102181	0.319658
0.193000	0.439317
0.051720	0.227420
2.901674	1.703430
7.898811	2.810482
0.005936	0.077044
0.888288	0.942490
0.023146	0.152138
0.154841	0.393498
0.190683	0.436673
0.040258	0.200643
0.484288	0.695908
0.442930	0.665530
0.063689	0.252368
0.064556	0.254078
0.098734	0.314220
0.110888	0.332999
0.088370	0.297271
0.264901	0.514686
0.056248	0.237168
9.258427	3.042766
0.083446	0.288871
0.228613	0.478135
0.121571	0.348671
0.037427	0.193460
0.314998	0.561247
0.114627	0.338565
0.076438	0.276475
2.602438	1.613207
0.184773	0.429853
0.084856	0.291301
3.106494	1.762525
0.162445	0.403044
0.419038	0.647332
1.507493	1.227800
0.046341	0.215269
0.150226	0.387591
0.226135	0.475537
0.165999	0.407430
0.067754	0.260296
0.081894	0.286171
0.047180	0.217210
2.244643	1.498213
0.274549	0.523974
0.520121	0.721194
0.258675	0.508601
0.062704	0.250408
0.123411	0.351299
0.043160	0.207751
0.145764	0.381791
0.055048	0.234624
0.111133	0.333367
0.364711	0.603913
0.334836	0.578650
0.081567	0.285600
1.864895	1.365611
0.581346	0.762460
0.038822	0.197032
0.040075	0.200187
0.957829	0.978688
0.720839	0.849022
2.517342	1.586613
0.034060	0.184555
0.180690	0.425077
0.029386	0.171422
0.037574	0.193840
0.109867	0.331462
1.889823	1.374708
0.261367	0.511241
0.030048	0.173343
4.351967	2.086137
1.870334	1.367601
0.057967	0.240764
0.103380	0.321528
0.471909	0.686956
0.145885	0.381949
0.045206	0.212618
0.047067	0.216950
0.360051	0.600042
4.197917	2.048882
33.171182	5.759443
6.205126	2.491009
0.280226	0.529364
0.040445	0.201109
1.314116	1.146349
0.067670	0.260135
0.054570	0.233601
0.326608	0.571496
0.540562	0.735229
0.048896	0.221125
0.985295	0.992620
0.059819	0.244580
0.041480	0.203667
0.033561	0.183195
0.209838	0.458081
0.270592	0.520185
0.469859	0.685463
1.789427	1.337695
0.361974	0.601643
0.281217	0.530299
0.159432	0.399289
0.031990	0.178858
0.205377	0.453186
0.006516	0.080721
0.341692	0.584544
13.500932	3.674361
0.102996	0.320930
0.636825	0.798013
0.650778	0.806708
0.287212	0.535922
0.202821	0.450357
0.709447	0.842287
0.439441	0.662903
0.068269	0.261284
0.268543	0.518211
0.073757	0.271582
12.152511	3.486045
16.369938	4.045978
0.195855	0.442555
0.156487	0.395585
0.014485	0.120353
0.165013	0.406217
0.047202	0.217260
0.068245	0.261238
0.399512	0.632069
0.081340	0.285202
0.114460	0.338319
0.085752	0.292835
0.366120	0.605078
0.069248	0.263150
1.677879	1.295330
0.121712	0.348872
1.248586	1.117401
0.132400	0.363868
0.084167	0.290116
0.365023	0.604171
0.314141	0.560483
0.253353	0.503342
0.165174	0.406416
0.056874	0.238483
0.044378	0.210662
0.059666	0.244267
1.536231	1.239448
1.400066	1.183244
0.108800	0.329848
0.079258	0.281527
0.308487	0.555416
2.196576	1.482085
0.105971	0.325531
0.045942	0.214340
0.017696	0.133027
0.091820	0.303017
0.899486	0.948412
0.094299	0.307081
0.211577	0.459975
0.091058	0.301758
0.246118	0.496103
0.036331	0.190607
0.112590	0.335544
0.354951	0.595777
0.599978	0.774582
0.094107	0.306769
0.041095	0.202720
0.038142	0.195300
0.207179	0.455170
0.025667	0.160208
0.142299	0.377226
0.046645	0.215975
0.085695	0.292737
0.189218	0.434992
0.202932	0.450480
0.055061	0.234651
0.400662	0.632979
0.217764	0.466652
0.780508	0.883463
0.227860	0.477347
0.017060	0.130615
1.410406	1.187605
0.308005	0.554982
0.052488	0.229102
1.680759	1.296441
0.043970	0.209691
1.300878	1.140561
0.095462	0.308970
1.990282	1.410774
0.113923	0.337524
0.067610	0.260019
0.284920	0.533779
0.277107	0.526410
0.048285	0.219738
0.030507	0.174663
0.070655	0.265811
0.484882	0.696335
0.116510	0.341336
0.366332	0.605254
0.380299	0.616684
0.872343	0.933993
23.194034	4.816018
0.146410	0.382636
1.792947	1.339010
0.155989	0.394955
4.286307	2.070340
0.095526	0.309072
0.080113	0.283042
0.113095	0.336295
0.033995	0.184377
0.164615	0.405728
0.081373	0.285259
0.047204	0.217266
0.241272	0.491194
0.053936	0.232241
0.065767	0.256451
0.068565	0.261849
0.068042	0.260848
0.233693	0.483418
0.120226	0.346736
0.121695	0.348848
0.249948	0.499948
2.596346	1.611318
0.041350	0.203347
0.233279	0.482990
0.321501	0.567011
0.135293	0.367822
1.410250	1.187539
0.163806	0.404730
0.115815	0.340316
0.017838	0.133558
1.411415	1.188030
0.252356	0.502350
0.779498	0.882892
0.065009	0.254969
0.050117	0.223868
0.898716	0.948007
0.368871	0.607347
8.017339	2.831491
0.230511	0.480116
0.454315	0.674029
0.135319	0.367857
1.897017	1.377322
0.034649	0.186141
0.028052	0.167486
0.072332	0.268946
0.092648	0.304382
1.475291	1.214616
0.022500	0.150002
1.588441	1.260334
0.091042	0.301732
0.092621	0.304337
3.761532	1.939467
0.151144	0.388772
0.134161	0.366280
0.075395	0.274582
0.060474	0.245914
0.006885	0.082975
0.250311	0.500311
0.033264	0.182384
0.090474	0.300790
0.085746	0.292824
0.030425	0.174428
0.221473	0.470609
0.119416	0.345566
0.022012	0.148363
0.171288	0.413870
0.817264	0.904027
0.177517	0.421328
0.077402	0.278212
0.375836	0.613055
0.751283	0.866766
7.121292	2.668575
0.060771	0.246518
0.145691	0.381695
1.430423	1.196003
1.753847	1.324329
0.790999	0.889381
0.223232	0.472475
0.546052	0.738953
5.305823	2.303437
0.085329	0.292111
0.300919	0.548561
6.666311	2.581920
13.110640	3.620862
0.078080	0.279427
0.082431	0.287109
0.241405	0.491330
0.123838	0.351907
0.011790	0.108583
0.497366	0.705242
3.115386	1.765046
0.136940	0.370055
0.294357	0.542546
0.166878	0.408507
0.052380	0.228866
0.125263	0.353925
0.010519	0.102561
2.625985	1.620489
0.096782	0.311098
0.007063	0.084043
0.111087	0.333298
0.410250	0.640508
0.853762	0.923993
0.015847	0.125884
0.049677	0.222882
0.064225	0.253426
0.004588	0.067733
0.067294	0.259410
0.050376	0.224446
0.084887	0.291354
0.047433	0.217791
0.445351	0.667346
0.169978	0.412283
0.208611	0.456740
0.107244	0.327482
0.179061	0.423156
0.777057	0.881508
0.248734	0.498733
0.079020	0.281104
0.102895	0.320772
0.086077	0.293389
0.219354	0.468353
4.985713	2.232871
0.169917	0.412210
0.034020	0.184445
0.132177	0.363561
0.615185	0.784337
0.279015	0.528218
0.052439	0.228997
20.369828	4.513295
0.121230	0.348182
0.081280	0.285096
0.684186	0.827156
0.834738	0.913640
0.032091	0.179140
0.157260	0.396560
0.031458	0.177364
0.108299	0.329088
0.195762	0.442450
2.507739	1.583584
0.481193	0.693681
0.284956	0.533812
0.372800	0.610573
0.103959	0.322426
0.598732	0.773778
0.059534	0.243996
0.071708	0.267784
0.023382	0.152911
9.342923	3.056620
51.227734	7.157355
0.634763	0.796720
4.966300	2.228520
1.700866	1.304172
1.050231	1.024808
0.128203	0.358054
0.465124	0.682000
0.182651	0.427377
0.083150	0.288357
2.250972	1.500324
0.566754	0.752831
0.221350	0.470479
0.203353	0.450947
0.804564	0.896975
-0.003948	nan
0.861396	0.928114
0.196144	0.442881
0.292102	0.540464
0.231853	0.481511
0.183999	0.428951
0.016209	0.127313
0.145363	0.381265
0.107823	0.328364
3.344359	1.828759
0.082413	0.287077
0.901502	0.949474
0.202827	0.450363
0.111890	0.334499
4.903973	2.214491
0.165401	0.406695
0.174581	0.417829
0.158478	0.398094
0.714570	0.845323
0.244151	0.494117
0.045870	0.214174
0.158093	0.397609
0.156040	0.395019
0.102456	0.320088
0.024967	0.158009
0.037762	0.194324
29.304958	5.413405
0.660147	0.812494
0.158168	0.397703
0.010772	0.103787
4.291803	2.071667
0.151459	0.389177
0.033618	0.183353
1.380836	1.175090
0.109473	0.330868
0.026009	0.161274
0.063718	0.252423
0.098205	0.313377
0.031583	0.177715
1.217133	1.103238
0.238261	0.488119
0.016416	0.128126
0.072632	0.269503
0.158538	0.398168
0.074200	0.272397
0.156969	0.396193
0.139805	0.373905
0.549039	0.740972
0.071383	0.267176
0.019986	0.141372
0.461353	0.679230
1.577241	1.255882
0.142914	0.378039
24.627317	4.962592
0.121492	0.348557
0.130854	0.361737
0.035522	0.188472
0.076466	0.276526
0.098454	0.313773
0.124501	0.352847
0.119131	0.345154
3.289709	1.813755
8.133348	2.851903
0.118244	0.343866
0.126925	0.356265
0.286318	0.535087
0.122585	0.350121
0.184118	0.429090
0.237192	0.487024
0.363220	0.602678
0.106231	0.325931
0.121651	0.348785
0.033750	0.183711
0.055688	0.235982
0.030462	0.174533
0.030136	0.173596
0.147949	0.384642
3.100406	1.760797
0.065500	0.255930
0.153442	0.391717
0.020423	0.142910
10.974828	3.312828
0.122166	0.349523
0.555529	0.745338
0.233130	0.482836
1.495844	1.223047
0.194903	0.441479
0.087263	0.295403
0.738052	0.859100
0.068644	0.262001
0.044278	0.210423
0.117834	0.343270
0.062710	0.250419
0.100163	0.316485
5.479403	2.340813
0.231268	0.480903
0.674091	0.821030
0.058753	0.242391
5.173788	2.274596
1.897711	1.377574
0.030173	0.173703
0.280035	0.529183
0.198544	0.445583
0.049237	0.221893
0.104880	0.323852
0.465495	0.682272
1.052318	1.025826
0.119544	0.345752
0.065623	0.256169
0.704358	0.839260
4.472145	2.114745
0.013861	0.117735
0.133744	0.365710
6.525201	2.554447
0.016182	0.127209
0.025911	0.160967
0.323699	0.568945
1.669740	1.292184
0.099006	0.314652
0.028128	0.167714
0.047886	0.218828
1.889647	1.374644
0.131194	0.362208
1.737050	1.317972
0.087036	0.295018
2.194313	1.481321
0.805964	0.897755
0.056616	0.237940
0.146039	0.382151
0.213611	0.462180
0.085433	0.292289
0.588891	0.767392
0.390931	0.625245
0.227387	0.476851
0.147198	0.383664
0.147787	0.384430
0.036139	0.190102
0.069991	0.264558
0.081578	0.285619
2.202553	1.484100
0.035584	0.188637
0.054722	0.233927
0.189348	0.435141
0.043543	0.208669
0.182406	0.427090
0.073483	0.271077
1.776852	1.332986
0.275580	0.524957
0.092583	0.304275
0.062097	0.249194
0.142328	0.377264
0.529016	0.727335
0.688871	0.829983
0.061149	0.247283
0.062711	0.250422
0.504440	0.710240
0.054016	0.232413
0.068313	0.261368
27.841669	5.276521
0.300461	0.548143
0.041510	0.203741
0.105773	0.325228
0.047249	0.217368
1.370275	1.170587
0.081014	0.284630
1.069843	1.034332
0.052123	0.228305
0.232204	0.481875
0.061890	0.248776
0.083673	0.289263
0.112148	0.334886
0.023178	0.152244
0.123027	0.350753
2.999420	1.731883
0.062354	0.249707
2.285426	1.511763
0.023662	0.153824
4.874757	2.207885
0.196304	0.443062
0.088913	0.298183
0.259761	0.509667
0.042771	0.206812
1.486700	1.219303
4.220913	2.054486
0.123787	0.351834
1.154886	1.074656
10.677904	3.267706
0.030649	0.175070
0.031454	0.177351
0.138338	0.371938
5.456781	2.335975
1.282875	1.132641
0.031509	0.177508
17.196104	4.146819
0.483950	0.695666
0.035505	0.188427
0.072133	0.268576
0.065326	0.255590
0.041583	0.203919
0.030196	0.173771
0.587153	0.766259
0.143994	0.379466
0.176918	0.420617
0.063357	0.251709
0.197276	0.444158
0.049875	0.223326
0.113204	0.336458
0.025782	0.160569
0.469959	0.685536
9.953863	3.154974
0.117000	0.342053
0.069500	0.263628
25.243725	5.024313
0.072900	0.269999
0.025676	0.160237
0.100127	0.316428
0.416881	0.645663
12.605422	3.550411
0.205031	0.452804
23.190331	4.815634
0.012008	0.109580
1.755549	1.324971
0.053233	0.230722
0.294624	0.542792
0.514870	0.717544
0.056463	0.237619
0.164579	0.405683
0.398494	0.631264
0.065045	0.255039
0.006320	0.079496
0.051862	0.227731
0.067889	0.260555
0.118597	0.344379
0.280841	0.529944
1.014053	1.007002
0.064256	0.253487
0.043194	0.207832
0.494823	0.703437
0.422736	0.650182
64.529475	8.033024
0.360112	0.600093
0.093582	0.305911
0.149482	0.386629
0.057232	0.239231
8.457596	2.908195
0.738721	0.859489
0.923077	0.960769
0.742130	0.861470
0.090739	0.301230
0.429735	0.655542
43.032654	6.559928
2.456486	1.567318
0.355863	0.596542
6.918126	2.630233
1.215819	1.102642
0.556590	0.746050
10.523370	3.243974
8.646692	2.940526
0.030035	0.173305
0.104280	0.322925
0.044775	0.211602
0.370670	0.608827
0.093605	0.305949
0.066938	0.258724
0.178259	0.422207
0.037434	0.193479
0.065084	0.255116
0.045373	0.213010
1.092980	1.045457
0.018888	0.137434
0.778727	0.882455
0.315610	0.561792
0.283308	0.532267
0.074130	0.272267
127.030324	11.270773
0.046882	0.216522
1.821873	1.349768
0.051693	0.227362
0.075805	0.275327
0.235293	0.485070
0.232416	0.482095
0.083921	0.289692
15.725109	3.965490
0.390529	0.624923
0.822938	0.907159
0.348128	0.590023
0.054340	0.233110
0.072129	0.268568
0.097810	0.312746
0.263462	0.513286
5.195482	2.279360
0.089621	0.299368
0.153722	0.392074
1.657478	1.287431
0.045812	0.214038
0.098740	0.314228
0.142373	0.377324
0.074388	0.272742
0.079595	0.282126
0.964646	0.982164
0.017470	0.132174
0.058796	0.242480
0.391850	0.625979
0.585344	0.765078
0.207664	0.455702
11.806068	3.435996
0.141028	0.375536
0.115021	0.339148
0.139568	0.373588
0.366381	0.605294
0.467432	0.683690
0.048366	0.219923
0.086824	0.294658
7.234767	2.689752
0.054936	0.234385
0.155182	0.393932
0.080202	0.283200
0.448605	0.669780
0.334821	0.578637
0.865689	0.930424
0.467078	0.683431
18.435769	4.293689
6.585480	2.566219
0.131409	0.362504
0.146947	0.383337
0.033922	0.184179
1.386387	1.177449
0.190522	0.436488
0.043855	0.209416
0.083156	0.288367
0.788111	0.887756
0.492298	0.701639
0.150363	0.387767
15.573628	3.946344
102.415168	10.120038
0.083634	0.289196
0.029688	0.172303
0.148369	0.385186
0.238175	0.488032
0.058851	0.242593
0.673902	0.820916
0.068627	0.261968
0.088746	0.297903
0.261380	0.511253
0.033823	0.183911
0.236921	0.486746
0.116478	0.341289
0.069963	0.264506
0.472963	0.687723
0.033970	0.184309
1.538445	1.240341
0.041831	0.204526
0.067679	0.260152
0.054803	0.234100
0.124182	0.352394
0.107930	0.328527
0.165420	0.406718
0.045238	0.212692
0.146145	0.382289
0.648708	0.805424
0.064372	0.253716
0.034019	0.184444
0.289970	0.538489
0.465253	0.682095
0.209350	0.457548
0.353617	0.594657
0.368748	0.607246
0.045594	0.213528
3.357599	1.832375
0.988421	0.994194
1.194257	1.092821
0.208886	0.457041
0.348889	0.590668
5.285949	2.299119
0.177105	0.420839
0.041944	0.204802
0.085083	0.291689
3.990418	1.997603
0.096831	0.311177
0.070274	0.265093
0.377472	0.614388
1.705382	1.305903
0.629655	0.793508
0.536462	0.732436
0.069482	0.263594
0.650796	0.806719
0.059518	0.243963
0.085943	0.293161
1.133096	1.064470
0.088406	0.297331
0.039040	0.197585
0.139455	0.373437
0.102527	0.320199
0.550151	0.741722
0.500135	0.707202
0.054652	0.233778
0.570021	0.754998
5.166438	2.272980
0.735042	0.857346
0.044841	0.211758
0.199683	0.446859
0.100397	0.316855
0.273243	0.522726
0.051526	0.226992
0.097949	0.312969
0.142350	0.377293
0.021420	0.146354
0.158601	0.398247
0.197646	0.444574
5.032896	2.243412
0.081204	0.284963
0.055031	0.234587
10.770365	3.281823
0.142225	0.377127
0.247251	0.497244
0.731011	0.854992
0.077258	0.277954
1.077352	1.037956
0.047721	0.218450
0.049814	0.223191
0.113942	0.337553
0.276754	0.526074
0.042205	0.205439
4.756873	2.181026
0.127936	0.357681
0.205098	0.452878
8.451945	2.907223
0.047570	0.218106
0.065196	0.255334
14.140205	3.760346
0.133912	0.365940
0.648005	0.804988
1.433290	1.197201
13.587374	3.686105
0.105012	0.324056
0.191390	0.437482
0.179867	0.424108
0.328413	0.573074
2.453467	1.566355
0.101246	0.318192
6.067148	2.463158
0.149310	0.386406
0.391998	0.626097
0.242108	0.492044
5.380988	2.319696
0.058428	0.241719
211.618335	14.547107
0.163274	0.404072
0.094331	0.307133
0.013156	0.114701
0.063673	0.252334
0.197996	0.444967
1.769599	1.330263
0.490335	0.700239
0.245505	0.495484
0.073319	0.270774
0.027011	0.164349
0.633424	0.795879
0.041643	0.204066
0.042248	0.205542
0.143005	0.378161
17.313946	4.161003
7.955680	2.820582
0.094704	0.307740
0.584529	0.764545
0.091158	0.301924
0.217056	0.465893
0.176278	0.419854
0.347956	0.589878
0.065465	0.255861
0.258305	0.508237
0.048053	0.219210
-0.001589	nan
0.086315	0.293795
4.748947	2.179208
0.312939	0.559410
0.010916	0.104477
0.143017	0.378176
0.042302	0.205674
0.167997	0.409875
0.236738	0.486558
1.061078	1.030086
0.065476	0.255884
0.148598	0.385484
0.049405	0.222272
1.399752	1.183111
0.464302	0.681397
2.770785	1.664568
0.202216	0.449684
1.488131	1.219890
2.329143	1.526153
0.005400	0.073485
0.083758	0.289410
0.178015	0.421918
7.875530	2.806337
0.364070	0.603382
1.228449	1.108354
0.164153	0.405158
0.048258	0.219677
0.198582	0.445625
0.052602	0.229352
0.082742	0.287648
0.185203	0.430352
0.562376	0.749917
0.056110	0.236875
14.223916	3.771461
0.738151	0.859157
0.613875	0.783502
0.101724	0.318942
0.034945	0.186936
1.142963	1.069094
0.049080	0.221539
0.276246	0.525591
2.536845	1.592748
0.454621	0.674256
0.988657	0.994312
0.184313	0.429317
3.215710	1.793240
0.036882	0.192048
0.217812	0.466703
0.108225	0.328976
0.137340	0.370595
0.280633	0.529748
0.100310	0.316717
124.344122	11.150970
3.264568	1.806812
0.062646	0.250293
0.860237	0.927490
0.715997	0.846166
0.040150	0.200375
0.128131	0.357953
0.192310	0.438532
0.223957	0.473241
0.196801	0.443623
0.010447	0.102211
0.116603	0.341471
0.231514	0.481159
2.103135	1.450219
0.238981	0.488856
2.619290	1.618422
1.071644	1.035202
0.290812	0.539270
0.109838	0.331419
0.054500	0.233452
0.193458	0.439839
0.035153	0.187490
0.097561	0.312348
0.200826	0.448136
0.072426	0.269121
0.203497	0.451107
0.084385	0.290490
0.032325	0.179792
0.022688	0.150624
0.012876	0.113472
0.031907	0.178625
5.876422	2.424133
9.900832	3.146559
0.064618	0.254201
0.298642	0.546481
0.103056	0.321023
0.006348	0.079676
0.119148	0.345178
0.236815	0.486637
0.065820	0.256555
0.152492	0.390502
1.098110	1.047907
0.025572	0.159912
0.160331	0.400413
0.119679	0.345946
0.032244	0.179567
0.251702	0.501699
1.094179	1.046030
0.886270	0.941419
0.180582	0.424950
1.542044	1.241790
1.187214	1.089594
0.667275	0.816869
5.971621	2.443690
0.092588	0.304282
0.477474	0.690995
0.141439	0.376084
0.071826	0.268004
0.048900	0.221133
0.294280	0.542476
0.297091	0.545060
1.273722	1.128593
0.103804	0.322186
0.276638	0.525964
0.023216	0.152367
0.085564	0.292514
0.766716	0.875623
0.024243	0.155702
0.108045	0.328702
0.960379	0.979989
1.816117	1.347634
0.839204	0.916081
0.034909	0.186839
18.420151	4.291870
0.353770	0.594785
5.088940	2.255868
1.888399	1.374190
0.026726	0.163481
0.009814	0.099063
0.571027	0.755663
0.022251	0.149167
0.031064	0.176250
14.561838	3.815998
0.715308	0.845759
0.067208	0.259246
0.142323	0.377258
0.114084	0.337764
0.158640	0.398296
0.079303	0.281608
0.284943	0.533801
1.381665	1.175442
0.059070	0.243043
0.310720	0.557423
0.001014	0.031842
0.076844	0.277207
0.554729	0.744802
0.098519	0.313877
0.084203	0.290177
0.062454	0.249908
0.733233	0.856290
0.565814	0.752206
0.202995	0.450550
0.231185	0.480817
0.090042	0.300070
0.037305	0.193145
0.346654	0.588773
0.781432	0.883987
0.098694	0.314156
0.241967	0.491902
0.152783	0.390875
0.606977	0.779087
0.032049	0.179023
0.053146	0.230534
0.239115	0.488994
4.648946	2.156141
0.183046	0.427839
0.070435	0.265395
0.057002	0.238752
0.049148	0.221694
0.033623	0.183366
0.203445	0.451049
1.134101	1.064942
0.217435	0.466299
0.084257	0.290271
0.066606	0.258081
0.035788	0.189176
0.180037	0.424307
0.351622	0.592978
0.107250	0.327491
0.470489	0.685922
0.074157	0.272318
0.048951	0.221248
0.119759	0.346062
0.024864	0.157682
0.090741	0.301233
0.101312	0.318296
0.061700	0.248395
0.093440	0.305680
0.093083	0.305095
2.295480	1.515084
0.119007	0.344973
0.021950	0.148155
0.178218	0.422159
0.074096	0.272207
0.860735	0.927758
2.972503	1.724095
0.190939	0.436966
0.046951	0.216683
0.064177	0.253331
0.187222	0.432692
0.132423	0.363900
0.182484	0.427181
0.227429	0.476895
0.090078	0.300130
0.057302	0.239379
0.177237	0.420995
0.526323	0.725481
0.283485	0.532433
0.068109	0.260978
0.119338	0.345453
0.440044	0.663358
0.272942	0.522439
0.063466	0.251924
0.051136	0.226134
0.033265	0.182387
0.205567	0.453395
0.050786	0.225357
0.224092	0.473384
0.085215	0.291917
0.118034	0.343560
0.048462	0.220141
0.165130	0.406362
0.134201	0.366335
0.077097	0.277663
0.412313	0.642116
4.590631	2.142576
0.193446	0.439825
1.670717	1.292562
0.065078	0.255103
0.021897	0.147977
0.036650	0.191443
0.186916	0.432338
0.002989	0.054670
0.658121	0.811247
0.072480	0.269221
0.262488	0.512336
0.055066	0.234662
0.055411	0.235395
0.162820	0.403509
0.043167	0.207767
0.238531	0.488396
0.236565	0.486379
0.051674	0.227320
0.484697	0.696202
0.041548	0.203832
0.071969	0.268270
0.185791	0.431035
0.117380	0.342608
0.985175	0.992560
1.608380	1.268219
0.223240	0.472482
0.025072	0.158342
0.041042	0.202589
0.446483	0.668194
0.411787	0.641706
0.053476	0.231249
0.025501	0.159691
0.159730	0.399663
