2658.55	1687.21
2641.54	1783.68
2681.19	1751.54
2739.99	1753.30
2662.02	1794.49
2698.65	1745.72
2753.14	1799.38
2597.85	1802.39
2547.70	1812.87
2750.75	1816.66
2818.73	1831.20
2693.22	1817.54
2617.59	1829.88
2558.67	1839.70
2715.45	1840.53
2847.49	1835.83
2846.64	1852.63
2683.28	1855.52
2620.81	1863.48
2811.76	1874.76
2792.02	1878.65
2871.68	1884.37
2537.53	1881.63
2556.54	1864.42
2548.47	1879.05
2726.84	1894.35
2619.79	1894.74
2816.48	1899.66
2921.72	1905.39
2527.66	1886.73
2825.82	1909.50
2633.59	1915.38
2861.70	1908.67
2665.38	1919.65
2609.71	1907.57
2837.49	1933.80
2813.87	1938.66
2699.93	1920.74
2795.14	1925.63
2473.36	1905.79
2784.68	1935.89
2577.63	1954.54
2502.96	1959.80
2688.08	1938.26
2753.20	1963.12
2853.56	1968.43
2704.17	1936.34
2617.86	1972.74
2507.89	1969.28
3011.34	1981.61
2522.80	1984.41
2683.35	1983.86
2795.92	1990.91
2847.61	1990.51
2536.93	1946.43
2577.72	2005.18
2929.18	1993.35
3020.62	2008.55
2658.98	2012.41
2564.77	2015.74
2481.60	2007.55
2514.56	2027.60
2673.06	1943.35
2419.78	2000.99
2905.40	2029.82
2380.33	2032.66
2682.11	2032.64
2472.89	2034.25
2577.68	2137.84
2896.64	2040.86
2432.39	2042.75
2798.55	2038.31
2949.23	2044.59
2512.16	2051.24
2367.48	2043.69
2978.42	2058.16
2947.90	2057.55
2451.61	2043.00
3079.74	2060.23
2713.42	2043.09
2641.72	2037.66
2464.33	2069.70
2959.84	2070.46
2497.88	2075.48
2703.11	2075.00
3104.84	2079.26
3092.96	2048.59
2967.85	2083.06
3122.77	2083.64
2353.25	2074.41
2949.54	2085.03
2934.52	2079.99
2411.36	2085.89
2729.44	2086.35
2397.88	2073.82
2430.47	2086.91
2914.30	2070.45
3091.19	2099.47
2688.03	2102.18
2940.30	2106.27
3025.69	2110.74
2818.28	2114.16
3165.70	2115.45
2476.42	2110.21
3141.18	2117.25
3077.29	2090.11
2357.26	2119.35
2756.34	2108.08
2803.95	2113.25
3035.88	2121.00
2814.45	2121.96
2771.99	2122.00
2502.43	2119.46
2378.60	2126.37
2694.23	2130.44
2903.28	2203.34
2975.43	2135.98
3149.67	2138.67
3108.54	2140.82
3187.25	2121.16
2544.67	2131.95
2611.01	2144.51
3045.61	2045.28
3099.30	2151.55
3088.69	2142.13
3080.35	2151.79
3043.73	2154.66
2705.16	2147.48
2646.57	2129.95
2760.05	2132.32
3118.67	2159.42
2499.71	2138.42
3209.32	2164.72
2814.76	2160.36
2445.05	2127.90
2940.49	2171.79
3062.84	2141.58
3109.00	2181.98
2629.37	2148.54
2451.93	2183.88
3007.52	2185.73
2754.51	2186.62
3125.61	2188.70
3160.11	2189.13
2887.04	2171.48
2325.69	2120.24
3072.75	2183.29
2258.10	2186.51
2602.75	2080.97
2471.42	2145.19
2859.33	2186.71
2873.83	2165.11
3243.92	2180.51
2829.61	2197.08
2352.41	2201.25
2699.58	2182.64
2847.14	2154.13
2778.03	2171.57
3206.51	2135.86
2681.53	2204.84
2697.93	2204.72
2703.77	2174.48
3269.98	2206.01
2788.64	2183.93
2609.25	2163.71
2849.04	2182.57
2650.16	2215.15
2801.95	2218.25
2612.47	2219.57
3118.50	2218.10
2479.78	2214.19
2459.25	2198.28
2953.23	2172.58
2432.81	2204.15
2659.50	2206.39
3152.73	2217.93
2840.53	2227.93
2437.64	2227.01
2402.13	2220.28
2248.63	2228.69
2294.28	2229.90
3078.81	2168.29
2789.79	2221.61
2406.05	2229.94
3156.49	2234.61
3300.12	2235.96
2768.46	2208.88
2624.57	2236.32
2874.28	2260.75
2552.70	2241.75
3032.94	2213.76
2730.08	2246.01
3075.18	2245.81
2679.12	2248.04
3071.95	2204.05
2277.66	2237.64
2661.18	2253.91
2785.11	2255.81
2499.04	2232.86
2548.61	2260.47
2284.18	2260.56
3156.70	2248.71
3224.75	2219.45
3093.33	2262.43
3042.74	2262.24
2629.07	2262.00
2349.09	2259.56
2650.68	2228.65
2368.96	2225.13
3069.49	2269.45
3218.21	2261.08
2392.80	2186.50
2363.05	2276.61
3011.64	2266.13
2652.26	2269.39
3263.96	2281.19
3033.93	2287.32
2931.01	2282.13
2852.64	2206.27
3179.25	2286.69
2596.45	2201.87
3150.54	2276.01
2339.50	2233.52
2943.17	2274.81
3142.47	2286.26
2190.17	2300.54
2394.88	2299.72
3225.93	2188.97
2314.31	2306.41
3084.50	2307.61
2410.54	2307.83
2756.44	2311.42
2672.47	2312.65
2445.20	2295.90
3108.55	2310.98
2178.70	2305.52
2694.65	2319.44
3119.70	2284.88
2189.75	2287.64
2903.99	2320.88
3030.90	2312.46
2209.27	2318.01
2636.15	2192.58
3038.80	2323.56
2231.10	2272.96
2394.53	2248.30
3340.06	2328.43
2973.36	2329.00
2353.84	2328.56
2199.82	2316.87
2578.15	2331.04
3259.01	2322.77
3374.41	2296.64
3315.97	2332.39
2599.72	2251.25
2880.31	2331.56
2180.44	2333.12
3074.20	2335.69
2375.34	2334.69
2312.43	2238.13
3426.84	2317.23
3363.31	2339.12
3296.64	2340.66
3374.83	2311.76
3353.02	2311.87
2391.74	2341.96
2291.07	2293.98
2637.17	2333.82
3381.41	2344.76
3165.49	2344.77
2805.10	2347.31
3364.38	2294.42
3065.33	2349.25
2205.20	2272.65
3338.52	2347.15
3243.67	2357.21
3323.87	2356.69
3032.22	2339.70
2888.64	2349.08
3423.98	2337.51
2460.52	2357.52
2461.64	2337.24
3343.50	2360.35
2303.94	2354.95
2737.31	2361.27
2471.88	2361.31
2388.07	2361.94
3409.75	2337.62
3429.76	2345.25
2307.12	2365.33
3287.72	2367.54
2845.68	2415.49
3214.37	2371.06
2132.24	2364.84
2347.99	2372.48
3133.37	2376.62
3305.87	2382.00
2535.83	2385.27
3194.75	2267.44
3140.59	2386.10
3229.86	2386.31
3433.20	2385.81
2420.92	2373.89
3452.79	2377.05
2480.10	2382.55
2188.12	2387.60
3045.95	2389.14
2931.68	2376.09
2276.86	2391.12
2571.07	2379.70
2266.30	2384.69
2428.77	2373.11
2709.24	2365.23
3458.52	2396.55
3378.64	2354.06
2490.81	2399.89
3264.63	2367.65
2822.26	2281.38
3482.72	2397.34
2571.38	2397.22
3510.90	2390.99
2283.82	2378.04
3148.23	2393.61
2244.63	2289.64
2287.42	2409.48
3392.59	2410.88
3321.68	2411.29
2206.90	2410.65
2519.31	2402.60
3482.30	2387.14
2524.72	2415.45
2115.29	2404.79
3214.36	2408.92
3000.35	2621.39
3057.78	2398.44
3147.01	2372.31
2657.05	2394.31
3352.83	2420.23
2536.56	2419.77
3372.32	2394.68
2473.19	2395.33
3375.39	2421.50
2465.96	2425.50
3522.69	2404.73
3221.20	2425.84
3431.12	2417.97
2138.43	2413.50
2101.53	2429.51
3071.10	2405.41
2207.00	2431.95
2490.16	2431.81
3336.70	2429.41
2697.22	2431.58
2718.64	2336.13
3546.51	2433.23
3351.40	2433.13
2414.26	2430.59
2081.20	2433.76
2940.42	2421.87
2510.66	2411.06
3363.77	2428.16
3296.46	2437.80
3221.09	2439.58
2133.53	2441.22
2182.63	2443.82
2712.82	2445.15
3203.76	2325.10
2964.25	2451.10
3305.85	2453.58
2890.80	2390.84
2188.05	2433.32
2543.44	2457.51
2688.27	2362.88
2282.51	2455.02
2903.53	2426.96
2382.83	2461.06
2719.79	2387.73
2284.11	2446.68
2335.34	2431.64
3378.15	2454.92
2720.83	2465.97
2346.36	2462.78
3112.33	2467.70
3050.28	2468.04
2123.17	2468.88
2770.70	2370.16
2361.83	2399.19
3540.29	2464.91
2896.30	2469.14
2622.85	2467.02
3498.69	2441.08
2825.76	2471.22
2109.21	2471.63
2986.24	2384.99
2881.60	2473.70
2691.90	2475.32
2396.09	2476.00
3602.71	2477.70
2568.70	2477.98
3487.38	2476.90
3203.57	2467.12
3220.76	2481.82
2831.07	2478.48
2271.05	2466.71
2545.51	2483.19
3196.46	2477.14
2931.55	2435.73
2520.24	2490.08
3608.44	2489.88
2076.36	2464.30
2992.22	2453.75
3138.87	2468.49
3242.52	2493.47
2838.32	2356.38
2969.70	2485.90
2900.60	2478.80
2505.64	2495.00
2978.43	2416.84
3401.01	2496.98
3521.98	2500.85
2729.26	2501.79
3405.26	2491.22
2299.11	2500.50
2937.55	2452.53
3143.58	2503.83
2050.76	2497.53
2962.91	2504.74
3302.02	2493.54
3575.00	2510.10
2514.68	2451.74
2133.25	2490.90
3614.60	2510.82
2384.46	2510.50
3120.33	2502.26
2857.12	2515.45
2346.08	2514.56
2158.50	2516.35
3482.43	2509.30
3551.01	2517.41
2264.88	2482.67
3510.24	2519.21
2186.37	2513.12
3473.14	2519.92
2981.74	2521.00
3129.95	2489.36
3427.71	2510.25
3234.40	2523.41
2907.08	2440.22
2093.94	2824.49
2689.91	2382.26
2099.60	2475.77
3439.97	2526.03
3153.09	2480.25
3426.60	2485.23
2266.06	2445.89
3627.28	2527.69
3238.65	2503.13
3227.92	2514.29
3287.85	2478.06
3456.00	2478.33
2395.07	2531.68
2489.51	2491.09
3616.56	2530.20
2842.09	2534.76
2242.09	2534.62
2009.34	2535.97
3277.28	2526.48
2611.42	2525.39
3474.41	2537.44
2084.30	2515.00
2831.74	2539.26
2086.68	2543.80
3264.86	2542.07
3278.03	2481.12
2200.58	2546.73
2029.88	2547.56
3363.58	2539.76
3209.28	2544.52
3589.43	2527.32
2302.86	2550.25
2518.21	2533.34
3186.67	2552.14
3416.08	2552.91
2859.07	2535.85
2607.90	2552.63
3450.36	2553.03
2370.28	2520.69
2195.28	2537.36
2568.17	2498.92
2201.11	2552.67
3296.97	2546.04
2036.99	2562.50
2539.64	2551.41
3241.55	2564.63
3071.28	2531.65
2240.41	2503.36
2429.16	2474.99
2123.30	2553.54
2891.13	2545.58
3394.69	2537.96
2634.77	2530.38
3422.65	2571.93
3186.77	2569.60
2476.63	2568.61
3569.26	2573.22
2509.06	2574.68
2028.86	2574.50
3378.07	2573.78
3429.29	2578.29
2774.61	2578.19
3549.99	2547.59
3126.00	2567.48
3375.57	2579.72
3413.74	2579.13
2435.07	2581.91
3636.08	2583.37
1952.49	2559.17
3277.48	2585.46
2337.42	2547.38
3393.78	2581.82
2157.38	2533.87
2616.39	2575.50
3675.04	2573.23
2555.24	2574.58
2467.28	2589.49
1943.40	2579.56
3505.56	2575.54
3267.13	2589.83
2041.23	2570.42
2049.56	2588.31
3603.86	2594.58
2592.82	2580.41
2456.35	2595.66
2857.48	2559.55
2892.46	2558.78
2132.94	2596.98
2357.30	2598.51
3266.65	2600.03
2417.82	2587.79
2003.64	2600.71
3397.86	2601.80
3478.22	2602.00
2161.44	2603.35
3722.86	2581.82
2528.59	2598.63
3176.95	2593.47
3560.33	2608.67
3766.17	2608.77
2838.83	2610.12
3416.33	2603.25
2784.21	2605.49
3347.01	2611.09
2099.87	2604.35
3570.47	2617.86
2345.84	2597.36
2852.47	2616.85
2219.73	2568.81
3158.84	2622.27
3461.55	2610.82
2837.50	2624.16
2855.18	2623.87
3169.15	2561.19
2514.25	2620.58
2612.28	2629.19
2346.63	2612.96
3517.07	2629.19
2793.60	2632.19
2595.57	2605.25
2682.67	2633.18
2270.20	2606.63
3222.60	2566.49
3499.72	2615.68
2472.26	2635.51
2162.54	2629.15
2700.02	2636.96
2839.67	2636.89
3701.31	2629.40
2654.08	2557.39
2692.32	2640.56
3580.02	2644.02
2815.52	2637.54
2690.74	2596.88
3554.97	2629.49
2521.25	2625.92
2685.47	2647.52
1974.05	2651.88
3342.91	2651.83
3360.80	2652.07
3704.12	2653.64
3540.11	2599.01
2595.71	2656.13
1915.13	2656.65
2641.80	2628.84
3531.34	2655.95
2297.09	2658.30
3461.65	2643.22
3441.48	2648.85
3499.50	2660.38
3634.10	2662.33
2226.17	2662.54
3535.11	2639.51
3786.28	2664.39
3715.05	2666.90
3619.83	2658.60
2206.12	2636.91
3408.99	2669.30
2853.25	2670.19
3198.21	2669.80
2421.18	2671.13
2564.93	2665.18
2272.98	2549.88
2511.15	2674.46
3331.82	2622.73
2777.99	2642.57
3043.16	2516.34
2049.20	2672.61
2178.40	2670.80
3344.45	2675.47
3311.81	2654.10
3334.45	2531.89
3594.03	2676.54
2845.24	2651.53
3435.85	2678.43
3789.62	2678.55
2321.30	2649.43
2369.72	2598.81
2014.18	2649.49
2392.55	2578.54
2362.48	2680.23
3477.89	2680.42
2650.86	2680.33
2937.92	2637.69
3501.03	2681.02
2804.15	2682.59
2530.53	2673.51
2852.51	2660.77
3376.82	2683.58
1970.06	2685.23
2550.22	2685.03
2097.82	2670.29
1859.49	2687.95
3431.87	2665.05
2155.41	2688.07
3617.43	2680.68
2093.80	2644.91
2081.92	2620.72
2542.09	2691.21
3173.43	2667.51
3874.23	2692.00
2030.30	2681.78
2938.18	2659.29
2632.86	2671.68
2469.43	2695.03
3823.60	2666.56
2062.58	2678.43
2542.30	2697.27
3149.96	2696.79
3634.79	2670.67
2233.82	2650.18
2454.08	2697.12
2173.83	2681.90
2452.61	2664.18
2692.51	2538.80
1923.29	2697.27
1934.27	2701.18
2357.10	2559.93
2356.04	2701.41
2120.48	2702.94
2030.24	2702.60
3613.66	2692.26
3381.60	2706.68
3309.15	2683.32
2327.91	2698.22
3338.81	2707.87
3438.66	2707.29
3585.17	2644.08
2485.14	2699.83
2482.26	2711.35
3074.54	2656.57
2607.43	2705.45
2640.97	2713.20
2338.75	2683.10
2383.54	2699.26
2306.26	2695.33
2907.72	2634.32
3236.42	2704.01
3455.38	2697.03
3528.89	2696.57
3583.51	2689.62
3864.89	2718.16
2696.98	2690.54
2366.71	2703.99
1992.02	2716.32
3440.94	2723.73
2012.62	2685.19
2304.27	2617.57
3486.43	2701.48
2520.90	2727.92
3089.76	2729.71
2159.80	2731.15
3538.45	2710.91
2697.34	2723.24
3916.79	2731.31
2724.18	2606.07
2547.07	2734.89
2402.58	2736.16
2828.81	2736.72
3787.65	2734.95
3714.78	2716.22
3042.62	2737.62
2479.18	2727.07
2691.13	2734.94
2486.40	2739.79
3816.10	2725.53
2855.79	2690.47
2256.03	2594.09
3766.37	2740.59
2079.71	2702.20
2668.56	2741.47
3006.95	2742.05
1947.68	2742.52
3023.42	2684.88
2944.80	2705.13
2589.10	2744.87
2243.25	2707.18
2675.84	2575.09
3124.48	2680.52
2005.55	2712.19
1832.18	2744.15
3149.41	2750.31
2931.15	2751.03
2196.04	2750.61
2662.14	2750.89
3067.57	2733.55
2431.61	2752.19
3022.61	2744.88
3041.72	2745.42
3789.93	2754.21
2117.44	2721.66
2965.18	2723.50
3221.50	2725.60
3323.51	2759.71
3315.61	2757.06
2735.92	2761.59
3245.81	2732.63
2169.98	2762.30
3548.68	2761.91
3556.07	2709.11
3803.84	2761.83
3674.22	2709.91
2767.40	2750.68
2268.81	2758.85
3459.29	2756.31
2979.45	2768.26
3438.38	2768.61
1856.00	2770.50
2979.63	2682.76
3529.30	2770.85
2736.47	2688.69
2314.78	2754.85
3493.85	2773.12
3362.79	2774.24
3065.60	2760.43
2769.88	2776.96
3091.55	2762.35
1883.15	2728.28
2653.90	2778.61
1848.68	2773.56
2727.01	2726.43
1791.40	2781.76
2958.37	2781.64
3223.36	2741.86
3212.71	2644.48
2346.41	2781.68
2748.12	2781.64
3292.16	2683.26
2791.76	2763.59
2129.27	2750.82
3687.43	2774.96
3650.01	2784.97
2931.30	2776.59
3330.09	2770.33
3241.77	2786.15
3915.84	2755.43
2430.72	2859.71
3519.69	2787.17
1832.16	2788.55
2623.50	2731.32
2155.05	2780.17
3837.59	2788.30
3220.69	2781.10
2896.05	2792.66
1985.40	2790.24
2067.63	2773.29
2898.66	2758.04
2847.75	2782.87
3508.33	2793.23
3718.80	2781.50
2200.54	2797.17
2623.32	2800.20
3270.27	2800.20
2317.31	2801.23
2431.38	2797.37
3812.91	2796.09
2094.78	2712.35
3091.79	2674.57
2927.02	2717.79
2019.93	2745.85
2758.25	2809.48
3911.96	2775.95
1868.68	2792.41
3410.77	2809.17
1906.99	2812.05
2288.59	2811.00
3010.33	2813.75
2106.18	2748.11
3689.18	2815.10
2040.24	2777.42
3567.41	2794.50
2629.90	2817.12
2165.50	2796.79
2873.27	2817.91
2828.68	2819.04
3153.80	2820.09
2792.22	2819.63
2711.43	2819.13
3630.85	2763.07
2333.16	2730.44
3919.70	2818.37
3323.66	2824.21
3616.56	2801.94
4000.01	2823.66
3479.19	2825.14
2012.85	2775.79
1778.11	2817.03
1936.24	2821.84
2356.90	2828.91
2270.54	2825.51
2814.93	2830.38
3362.73	2792.36
3245.29	2674.61
3472.07	2828.20
3455.57	2792.67
3590.99	2762.94
3288.42	2825.34
3093.02	2832.85
3376.90	2835.68
3520.17	2817.77
3872.47	2769.10
1815.06	2812.97
3206.08	2840.26
3243.82	2841.77
3444.20	2842.29
3115.61	2730.32
2904.58	2837.12
2594.49	2839.13
3046.90	2822.76
3363.36	2843.66
3361.03	2836.27
2506.75	2820.26
1916.28	2832.81
3930.85	2846.15
2537.48	2846.07
3101.30	2846.66
2245.64	2826.28
3815.08	2815.48
3999.85	2848.74
2270.53	2848.85
3793.10	2846.13
3584.28	2850.66
3416.49	2851.53
2660.42	2817.37
3768.84	2853.09
2278.33	2853.30
3640.02	2830.87
3490.39	2826.40
2372.39	2858.79
3856.37	2860.12
1951.93	2861.63
2022.40	2800.88
3510.18	2844.89
3171.42	2863.41
2785.52	2864.03
3168.24	2832.39
3235.22	2863.91
1880.80	2863.70
3550.86	2745.17
3659.66	2857.33
3191.96	2860.48
3156.93	2849.13
3428.12	2839.29
2753.61	2864.86
3367.97	2866.82
3068.17	2866.03
1930.43	2868.16
3475.62	2868.16
2861.95	2863.93
3885.04	2864.39
3225.08	2870.26
3055.86	2870.04
3462.35	2851.66
3722.66	2855.66
3379.54	2871.08
1998.97	2849.41
2491.55	2875.51
1774.48	2869.95
3879.57	2877.46
1721.77	2870.40
2231.08	2878.90
3700.69	2861.78
3526.79	2866.43
3905.05	2874.29
3075.55	2848.93
3384.54	2861.48
3029.48	2855.34
1731.27	2884.99
3333.00	2839.15
3810.08	2888.91
3165.36	2889.21
3538.73	2882.81
3057.50	2890.50
2262.55	2888.27
1744.43	2892.85
1836.89	2893.74
2499.93	2887.82
2229.91	2896.12
2983.08	2893.00
3439.17	2802.21
3326.96	2799.37
2465.03	2822.95
3396.27	2849.84
3297.54	2864.10
4109.67	2881.45
1993.76	2746.20
2656.95	2891.11
2702.73	2810.42
3903.40	2890.31
3067.79	2888.41
2685.29	2882.18
2175.13	2880.74
2545.63	2906.73
3029.41	2906.76
2898.41	2901.74
3431.82	2903.07
3975.32	2883.54
3783.01	2910.15
2614.31	2911.14
3362.39	2898.62
1790.30	2873.14
1844.55	2871.66
3062.64	2911.45
2682.10	2915.18
1741.65	2916.31
3707.58	2909.06
2281.86	2915.88
3998.84	2915.64
2697.13	2898.50
2847.55	2914.99
1856.00	2904.49
3505.02	2918.68
3769.74	2905.35
3455.08	2876.49
1733.60	2892.01
1990.55	2918.64
2208.40	2923.29
1692.03	2894.39
2493.90	2844.31
2370.62	2912.43
1721.39	2895.42
2264.50	2922.05
2626.89	2923.14
2436.66	2898.35
2540.97	2873.01
2363.45	2921.01
2786.50	2931.05
3270.29	2928.66
4041.19	2923.92
2383.46	2932.06
3562.08	2932.31
2928.76	2932.17
3805.94	2931.57
2601.95	2912.09
2767.77	2933.08
3345.40	2919.79
3024.73	2933.10
4084.30	2902.39
2260.89	2932.19
2882.95	2934.44
3144.96	2935.17
3973.73	2935.44
3442.12	2884.41
3872.13	2895.94
2014.00	2830.15
3902.92	2929.31
2838.63	2938.26
1911.77	2938.05
3039.91	2938.32
3843.78	2927.98
3341.47	2933.71
3164.28	2939.37
3784.39	2930.37
2574.29	2912.44
2673.02	2931.07
1792.23	2940.28
2753.54	2942.20
2036.88	2943.20
2299.96	2943.06
3001.38	2932.13
1816.35	2892.83
2836.40	2949.90
3374.27	2947.16
2696.67	2839.88
3156.80	2950.41
2165.97	2952.19
3439.46	2951.85
3152.50	2952.99
3894.90	2951.51
3864.38	2941.12
3328.04	2943.79
3411.00	2955.15
3913.06	2923.79
2995.00	2956.07
3641.06	2957.47
2187.90	2950.76
2171.59	2847.50
3603.37	2957.58
3907.53	2954.33
2169.58	2957.72
3842.93	2959.18
2338.34	2921.48
3466.80	2943.46
4027.34	2953.68
2238.85	2962.42
1720.19	2950.02
2533.99	2964.33
3996.55	2955.18
1966.38	2966.57
1655.33	2934.81
2163.77	2896.57
2229.72	2967.88
2932.31	2952.39
1735.06	2953.39
3534.31	2964.89
3229.57	2952.11
2135.08	2961.48
2816.91	2966.58
3531.50	2939.63
4013.64	2970.00
3096.54	2968.09
2858.91	2929.03
3647.44	2901.43
1661.85	2971.96
3686.12	2973.08
2484.41	2958.49
1781.19	2940.39
2253.34	2973.95
2642.27	2975.46
2778.75	2961.29
3193.21	2970.16
1935.43	2975.26
3137.31	2976.32
2168.30	2969.90
3533.15	2923.67
2961.83	2936.80
3111.41	2972.42
3689.52	2959.70
2106.03	2977.73
1617.52	2969.18
2072.43	2979.04
2941.91	2979.51
3133.33	2980.34
3237.31	2980.61
1747.63	2967.74
3799.03	2969.55
1781.17	2982.99
3128.50	2980.52
3734.27	2970.44
3851.85	2904.52
3926.00	2969.51
2193.23	2874.62
2809.63	2987.34
2733.16	2932.95
2373.35	2987.91
2707.61	2987.67
3989.17	2943.96
2154.18	2987.11
2595.45	2974.73
3479.21	2988.04
1659.45	2989.05
1803.57	2982.10
1810.42	2988.76
3330.05	2981.71
3426.18	2991.51
2178.88	2929.64
2765.37	2964.04
3110.98	2993.78
4021.77	2910.66
1638.64	2993.73
3330.74	2993.65
3497.36	2986.06
2073.70	2994.58
1726.98	2964.85
2957.68	2994.94
2670.17	2864.83
3438.12	2995.59
3983.75	2967.00
3506.44	2988.76
2039.35	2998.94
3263.69	2999.75
3520.77	3002.45
2668.86	2991.25
3524.97	2987.15
2863.56	3005.35
2309.70	2999.17
3613.45	3006.54
3598.75	3002.22
3921.75	3003.47
2720.02	3008.43
3534.09	3007.55
3193.83	3006.22
3956.20	2997.05
2965.16	3010.24
2367.08	2996.37
3522.37	2945.33
1688.53	3011.15
2285.60	3011.58
2984.74	3011.99
2792.91	3000.83
2796.73	3012.53
2638.54	3013.92
1747.64	2943.74
2136.22	3012.42
3206.63	2989.66
2427.11	3016.19
1804.72	3011.74
3271.23	3015.66
3498.68	3017.50
3669.18	3014.77
2497.35	2995.64
3896.48	3001.43
2714.76	3018.21
2924.23	3018.27
2493.94	3020.42
3221.75	3014.62
3484.03	3006.64
2262.51	3011.63
3720.30	3009.02
3874.83	2999.26
1600.94	3022.45
2409.65	3019.49
2144.72	3009.97
1662.68	3014.50
2107.46	2999.21
1743.05	3007.45
1635.24	3005.30
3815.69	3017.31
1707.47	3026.34
3258.49	3021.47
3217.93	3027.10
2030.17	2884.04
2867.32	3024.91
1798.67	3024.88
2545.27	3029.13
1820.59	3029.03
3753.75	3004.53
3797.27	3029.73
2105.52	2922.89
3776.20	3031.53
2153.58	3021.79
3373.41	3020.30
1677.48	3035.08
2707.95	2920.65
3426.60	3022.47
1990.40	3035.52
2051.65	3036.27
2167.53	3035.48
2731.81	3005.37
2152.93	3037.69
3119.35	3036.08
1837.62	3038.94
2437.19	3027.05
2740.12	3070.24
2437.58	2973.48
1845.75	3033.78
2086.95	3041.80
2470.26	3031.75
3093.51	3014.65
3324.04	3022.09
1843.51	3042.54
3300.58	3011.28
1767.30	3013.10
2024.84	3042.50
3244.68	3028.55
2348.01	3046.64
1944.53	3046.78
1772.55	3038.67
3745.46	3046.76
2440.90	2912.70
2454.98	3019.56
3190.54	3025.90
3274.14	3047.52
2533.59	3039.27
2451.15	3033.60
1805.30	3035.56
3731.61	3035.54
3245.21	3052.19
2701.23	3027.74
1999.27	3027.73
3592.16	3053.88
2338.50	3054.14
2175.06	3053.54
3130.60	3055.40
1964.17	3056.33
3191.17	3038.68
3897.70	3036.71
3675.28	3058.75
1640.31	3059.13
2572.06	3061.90
3872.54	3049.36
2220.92	3064.06
3875.56	3057.10
3779.69	3065.67
3425.43	3039.69
3308.11	3067.20
2531.88	3067.89
2651.69	3067.81
1936.93	3069.04
3945.05	3069.35
3561.69	3038.21
2150.27	3069.55
2340.89	3063.56
2348.43	3069.86
3706.39	3070.88
1539.60	3070.84
2803.19	3064.43
3339.71	3007.63
2994.18	3071.99
2469.99	3050.65
1943.90	3029.26
3086.55	3021.67
3697.05	3048.62
3515.50	3059.63
2322.26	3051.49
3347.07	3075.97
2498.54	3078.98
3292.87	3078.90
3621.93	3070.69
2515.47	3078.62
1888.09	3078.68
2400.02	3080.56
2007.36	3081.67
3432.53	3076.83
3619.75	3081.49
2050.26	3060.51
2634.02	3044.22
3921.26	3070.79
2084.12	3085.48
2381.01	3084.88
3881.14	3068.08
3090.52	3061.51
2206.58	3084.63
2345.34	3086.00
3016.25	3086.45
2305.32	3081.31
3389.22	3046.76
3526.49	3087.53
2895.23	3080.60
2684.60	3054.80
3452.28	3088.83
2093.78	3090.04
3212.98	3076.18
1895.83	3091.40
2230.36	3089.20
3710.42	3080.36
3384.59	3089.84
2639.63	3093.48
3914.63	3050.03
2052.06	3081.57
3544.48	3080.63
2117.03	3081.90
3043.91	3095.10
3221.15	3095.50
3602.18	3078.12
3526.22	3080.51
2139.48	3097.68
3076.19	3061.15
3718.22	3096.86
2956.16	3098.86
2001.68	3097.75
2509.57	3100.16
1983.05	3098.22
2071.49	3089.32
2170.21	3101.18
3452.80	3101.61
2305.15	3104.35
2421.78	3095.03
3583.81	3089.64
1873.91	3081.97
2388.04	3028.42
2210.23	2994.63
1761.17	3080.72
1708.41	3054.00
3294.03	3107.64
3836.43	3105.46
3569.71	2984.28
3488.21	3108.46
2629.06	3107.88
2185.87	3110.90
1959.05	3111.05
2905.50	2995.10
1878.63	2983.70
1621.97	3100.16
3764.24	3107.85
2836.67	3103.26
2823.05	3034.32
1947.69	3112.67
2672.43	3109.57
3855.17	3114.34
3242.01	3086.03
2296.39	3115.62
3507.23	3029.98
1620.32	3109.76
3728.67	3121.28
2277.01	3120.96
2760.12	3100.42
3076.82	3082.81
3001.70	3110.03
1877.56	3108.79
1493.24	3123.74
1560.50	3104.87
3211.91	3113.92
2180.09	3106.22
2309.23	3118.57
2428.35	3127.43
3261.98	3078.65
3823.43	3115.72
2681.66	3121.76
1659.97	3128.98
3812.70	3128.55
1842.63	3130.02
2882.96	3111.80
2517.32	3124.04
1847.75	3065.16
1544.93	3132.58
2563.12	3136.72
2891.97	3132.26
2400.32	3116.74
2108.36	3140.39
2508.66	3141.50
2858.74	3142.87
2339.22	3120.20
2408.33	3128.62
2193.02	3144.99
1737.62	3139.45
3606.58	3144.72
3115.98	3147.08
3303.58	3148.32
1777.15	3068.31
1675.67	3148.54
3411.92	3146.55
3452.85	3148.53
1596.60	3090.67
3836.75	3151.30
3234.31	3139.19
3016.45	3151.61
1485.05	3152.65
2185.23	3122.24
1968.48	3141.95
3851.40	3155.62
1732.74	3135.55
3798.63	3153.87
2372.66	3144.81
2503.50	3156.86
1914.07	3149.85
2438.59	3144.48
1855.72	3159.67
3100.48	3159.50
2874.08	3158.83
2707.56	3139.82
1944.65	3147.16
2679.58	3153.98
1948.99	3165.23
2178.42	3165.32
2600.06	3165.95
3735.46	3163.64
2023.15	3168.92
2628.46	3166.02
1979.15	3139.32
2968.99	3170.02
1578.12	3111.54
3701.80	3170.84
3874.17	3163.78
3793.00	3150.99
2036.84	3166.04
2728.84	3148.35
2497.50	3169.94
2385.07	3175.24
3061.46	3174.91
1471.23	3177.06
3143.00	3168.03
2322.00	3177.79
2190.10	3152.72
2127.40	3173.76
1502.50	3177.80
1944.10	3179.56
1718.28	3180.96
1520.44	3182.13
1857.15	3169.15
1641.32	3166.53
1584.36	3157.56
3150.16	3183.27
3496.75	3132.40
3701.97	3155.30
2880.44	3178.94
1786.33	3183.99
1467.90	3164.82
3635.83	3118.21
1783.09	3188.13
2352.79	3185.12
1518.95	3189.21
3380.86	3181.22
1838.15	3167.22
2803.57	3187.43
3837.91	3182.08
2495.32	3189.56
2675.23	3166.64
3420.04	3176.37
2143.16	3191.65
2468.40	3190.81
2355.02	3192.51
1871.53	3193.63
1619.06	3194.36
2486.03	3191.83
1793.49	3196.06
2318.28	3196.81
2421.38	3170.81
2086.47	3188.38
2083.70	3196.84
3155.83	3197.07
1611.21	3179.83
2045.69	3198.15
3296.56	3190.56
2548.77	3185.01
1548.14	3201.70
3490.85	3188.08
3417.64	3204.33
2671.95	3295.87
1631.09	3125.06
3247.78	3183.41
3794.59	3210.27
1932.09	3210.52
3185.36	3168.88
1591.19	3209.82
2739.02	3188.44
3369.71	3196.52
1644.32	3209.55
3054.44	3213.90
2374.18	3193.23
1729.53	3204.19
2978.42	3215.62
3462.23	3217.24
3638.20	3216.97
1605.29	3130.57
3582.47	3216.96
2535.01	3216.99
2336.23	3190.10
2189.01	3213.68
2633.82	3172.08
2556.46	3219.82
1468.04	3191.28
1939.41	3221.92
3049.50	3222.30
1791.19	3125.62
2611.36	3176.81
2953.00	3222.70
1522.06	3223.95
2361.91	3224.67
2574.56	3224.68
2266.41	3227.39
2362.46	3167.79
3251.17	3227.75
1691.56	3227.99
3356.75	3228.31
3526.09	3228.77
3083.21	3211.81
3183.01	3203.07
1834.35	3231.59
2058.21	3229.59
3625.62	3232.51
2362.28	3200.67
1992.71	3216.36
2093.31	3208.67
2581.83	3233.80
3415.14	3235.47
3610.28	3234.90
1772.30	3231.45
1964.47	3206.27
3693.67	3236.42
2267.25	3235.43
2529.80	3237.15
1883.70	3159.14
2649.33	3147.79
1425.02	3239.44
2174.88	3239.18
2314.02	3240.01
2722.29	3241.41
1968.92	3234.47
1708.81	3237.84
2716.82	3242.43
3552.26	3242.15
2131.15	3227.94
3041.85	3233.52
3249.11	3157.19
1998.57	3159.07
2613.36	3245.09
3858.03	3187.36
1480.75	3246.79
2138.31	3237.96
3370.34	3246.02
3265.71	3248.09
2112.14	3230.33
2071.49	3217.78
2984.73	3249.47
3189.06	3235.60
2276.75	3250.20
1660.49	3248.56
2942.90	3251.19
3482.19	3233.44
2473.90	3251.77
3191.79	3139.12
3075.98	3255.73
1643.35	3243.33
2970.24	3256.30
2292.88	3256.02
3806.48	3246.15
1815.29	3254.99
2790.39	3256.91
3141.67	3149.12
3255.62	3255.89
1481.65	3258.37
3454.38	3204.33
3241.23	3256.49
2224.59	3187.00
3210.40	3229.24
1505.48	3263.00
3509.20	3259.67
1627.16	3249.68
1462.06	3262.08
1696.27	3265.01
1623.65	3265.34
3086.87	3250.39
2483.42	3213.79
3325.48	3259.03
2023.49	3232.04
3630.92	3263.89
2897.83	3268.04
3351.75	3267.13
3727.43	3270.32
2285.78	3231.48
1640.15	3270.87
2161.60	3268.75
3064.04	3256.27
3478.84	3252.04
3401.33	3272.66
3107.89	3248.60
3619.46	3259.75
3342.20	3273.97
3471.83	3262.42
2318.95	3247.21
3500.66	3249.04
2682.32	3208.40
3005.16	3278.51
1512.32	3279.44
3245.53	3279.11
3480.32	3280.12
3496.83	3278.26
3795.70	3255.75
2304.45	3279.61
1857.79	3282.73
2032.48	3186.68
1891.57	3258.80
2256.99	3282.53
2812.57	3277.50
3529.90	3272.81
3776.90	3285.99
3679.92	3286.75
3606.93	3288.00
3231.30	3267.29
3341.20	3193.63
2089.20	3252.52
3191.19	3191.98
1537.69	3282.94
1657.77	3291.09
3102.95	3256.70
2829.93	3293.16
3320.90	3293.77
3158.68	3279.93
1940.50	3271.84
2931.10	3296.31
3656.08	3281.77
3503.89	3296.80
1575.32	3296.94
2341.65	3297.14
1531.48	3295.77
3485.94	3298.72
1950.64	3284.63
2061.11	3267.57
3034.57	3287.34
3493.11	3300.52
3449.26	3287.25
1361.97	3302.77
2377.43	3298.71
3231.03	3303.47
2042.95	3282.80
2190.83	3192.20
2807.42	3300.72
2913.22	3294.87
2427.98	3278.99
2999.79	3296.99
3016.41	3301.43
3381.16	3295.76
3453.61	3297.63
2871.22	3311.11
2388.00	3299.74
1766.95	3306.62
2855.69	3245.11
2445.73	3218.34
2458.44	3304.80
1421.59	3289.60
2517.41	3315.20
2614.57	3275.40
2218.70	3316.24
1909.85	3316.35
2471.34	3306.25
1379.17	3317.60
3320.74	3309.79
1337.76	3317.58
2841.28	3302.34
1585.29	3319.26
2628.06	3260.28
1446.90	3314.81
2260.22	3301.01
2036.57	3303.74
2986.20	3311.51
2301.35	3315.31
3143.23	3318.69
2001.74	3316.99
2014.91	3321.91
3190.42	3323.62
3455.25	3325.35
2777.04	3323.63
3556.92	3262.01
3676.20	3312.97
1912.24	3324.63
1860.27	3326.65
2221.96	3268.18
2026.49	3285.02
1677.72	3309.46
3195.56	3328.84
3404.13	3328.94
2321.04	3326.89
2421.48	3320.33
3625.45	3319.15
1492.18	3316.75
3518.43	3326.33
2548.14	3329.79
1796.14	3333.70
1929.33	3335.02
3263.30	3326.33
3711.18	3324.38
3646.78	3338.47
1518.51	3332.01
3417.83	3339.21
2366.59	3339.21
1416.69	3339.88
1902.89	3333.26
1353.73	3340.32
2217.26	3340.53
3233.73	3337.19
3209.21	3322.06
2064.85	3344.85
2453.81	3321.30
2614.67	3304.74
3332.74	3316.51
3468.10	3341.80
1917.43	3348.63
3364.80	3313.28
2086.09	3339.28
3473.83	3350.02
2998.19	3339.41
1809.51	3350.62
1663.54	3324.58
3488.11	3344.98
3667.97	3316.39
1364.28	3352.87
2017.71	3354.13
2381.77	3349.54
2297.79	3347.65
2258.24	3354.95
2745.29	3354.82
3086.15	3356.41
1485.59	3345.55
2663.43	3356.89
3510.57	3341.26
2761.75	3347.38
2626.67	3290.16
1745.57	3278.18
3334.48	3359.95
3611.06	3327.60
2643.58	3350.28
1991.52	3258.60
1905.49	3346.29
1355.79	3360.84
1483.88	3361.15
1764.28	3360.50
1743.10	3348.19
1451.61	3355.79
3667.80	3361.69
1672.92	3356.68
2313.12	3363.73
2590.92	3363.53
3167.53	3355.95
3123.04	3365.48
1530.55	3354.45
1495.98	3368.30
3233.88	3368.63
3317.86	3369.01
3137.07	3303.56
2154.39	3372.49
1364.33	3371.71
3220.66	3370.54
1670.68	3368.20
1669.37	3331.78
3038.48	3357.60
1528.15	3377.13
2796.62	3377.27
1687.99	3371.81
3513.48	3352.07
1722.03	3341.76
3090.76	3379.33
1549.33	3380.14
2870.89	3358.87
1414.84	3310.29
1735.48	3295.27
1592.96	3380.34
2560.76	3366.34
1768.25	3387.39
2107.69	3339.53
2261.51	3386.87
2157.94	3388.87
3291.85	3390.00
2279.62	3383.76
2943.46	3331.35
2015.99	3393.19
3558.71	3342.29
2787.27	3392.39
3310.05	3394.32
3049.37	3327.78
2696.19	3351.80
1527.29	3395.61
2297.02	3396.19
3047.49	3397.02
3500.31	3398.44
1672.91	3384.52
3136.20	3399.80
3274.64	3400.86
3599.00	3389.94
1751.04	3401.96
2341.51	3393.56
1607.44	3401.05
2545.51	3403.59
3576.54	3390.30
2896.57	3386.06
2331.22	3383.42
2903.96	3367.52
3376.51	3398.18
3563.22	3405.48
3493.80	3318.58
1910.67	3406.17
2715.50	3399.93
3534.30	3326.39
1903.56	3376.11
1732.58	3376.09
1680.97	3393.76
3353.38	3376.21
1588.95	3337.74
3174.89	3411.63
3049.67	3410.28
1425.73	3413.50
2989.43	3354.35
3070.47	3412.57
1502.59	3412.64
3079.66	3400.81
2673.45	3414.37
2378.24	3414.39
1416.72	3383.74
1475.46	3325.93
1560.03	3413.03
2842.85	3394.03
1622.25	3416.96
3133.59	3417.26
2620.68	3417.36
1824.93	3418.43
1893.37	3375.92
1928.81	3418.96
2495.29	3420.08
3088.68	3419.89
3534.18	3405.89
2956.62	3354.64
1847.22	3423.42
2604.38	3424.37
2590.21	3425.87
2788.43	3426.05
2285.39	3425.82
2614.31	3426.05
1721.04	3427.02
2531.23	3426.99
2163.78	3403.21
2887.97	3409.58
2298.03	3405.78
2692.13	3427.64
2311.99	3423.19
1457.26	3406.14
3639.60	3426.85
3459.32	3428.44
2451.01	3433.38
2687.14	3433.40
3069.35	3433.21
3331.24	3382.81
3230.52	3430.19
2136.74	3437.34
2721.59	3436.89
2611.18	3406.37
1702.08	3423.90
1717.21	3433.62
3179.30	3621.75
2567.22	3434.80
2789.01	3441.29
3378.37	3408.62
2925.28	3413.85
2469.70	3441.97
1540.06	3442.90
1683.34	3443.51
2719.68	3443.73
3252.50	3437.57
3479.45	3412.06
2256.88	3419.33
3498.92	3428.74
1505.51	3425.00
2095.45	3421.49
3209.98	3428.98
1765.94	3448.28
1970.58	3448.73
1930.87	3448.54
3581.54	3369.18
2633.09	3607.08
1983.80	3438.54
3444.46	3405.39
2498.54	3386.66
2069.58	3452.20
3622.24	3452.65
2537.80	3444.39
3495.52	3443.62
1959.85	3456.59
3564.12	3395.88
3361.65	3422.54
2709.69	3451.29
3113.52	3450.68
3185.51	3420.22
3592.03	3462.78
3158.80	3448.89
2476.75	3457.99
2125.38	3457.86
2063.64	3462.09
3111.07	3460.94
2506.85	3466.16
2052.92	3453.75
2949.53	3465.10
3433.09	3456.39
2829.08	3467.64
3416.42	3466.41
3599.62	3471.60
3026.93	3472.26
2906.92	3399.56
1967.76	3470.03
3575.05	3426.30
2216.57	3471.39
3223.25	3448.60
1456.02	3440.40
3016.74	3474.53
3018.86	3466.67
1610.43	3475.51
2982.65	3475.60
2070.00	3476.74
1788.59	3477.88
3542.03	3436.73
3536.25	3380.69
2466.02	3465.91
3557.36	3479.15
2337.31	3426.38
2331.50	3477.02
1944.87	3481.66
3343.97	3421.81
1898.21	3479.60
1529.58	3482.67
2778.32	3484.01
3330.52	3481.51
1806.26	3485.32
2873.57	3457.09
2630.96	3485.16
3154.49	3490.11
2545.65	3491.01
3105.44	3491.18
2229.73	3487.42
1558.51	3491.45
2958.39	3493.12
2901.49	3465.68
2134.17	3495.48
2751.19	3497.02
1704.97	3492.54
2069.07	3407.92
2863.10	3493.99
2715.28	3588.45
3514.31	3472.31
2233.12	3498.22
2160.02	3499.51
1532.44	3497.85
1684.59	3494.09
2602.39	3502.13
3047.15	3503.34
3165.39	3434.13
3423.22	3452.49
1745.84	3503.90
2947.08	3495.88
1548.32	3482.14
3023.52	3504.90
2593.95	3500.57
2397.54	3478.96
3530.66	3481.01
1649.22	3509.01
1725.46	3509.11
2000.02	3510.07
1759.54	3509.84
1980.06	3510.72
1920.65	3510.87
2992.41	3511.79
2849.20	3463.69
2505.03	3510.92
2615.87	3512.70
1733.84	3514.39
3407.55	3494.06
1551.01	3517.72
1735.50	3495.13
2790.42	3497.75
3468.24	3460.96
3547.48	3512.75
1932.22	3521.80
2902.65	3486.14
1552.49	3523.00
2497.49	3522.92
2001.50	3523.33
2946.81	3524.50
3575.03	3526.50
3347.84	3460.57
2270.81	3519.53
3093.82	3450.49
3132.50	3527.72
1441.84	3463.13
3593.30	3481.44
2350.27	3529.16
1637.34	3495.62
3495.08	3527.14
2404.32	3530.26
2107.61	3530.75
3013.38	3502.07
1624.72	3459.80
3287.51	3531.66
2242.24	3526.42
3590.37	3523.56
3233.70	3472.43
2152.42	3536.29
1768.13	3535.05
2069.43	3438.16
2668.79	3538.39
3396.13	3538.40
2095.51	3527.39
2011.28	3491.47
1789.47	3522.16
1921.01	3544.35
2993.15	3543.95
1513.85	3515.36
3490.20	3545.38
3368.38	3473.66
2450.81	3548.28
3086.05	3531.13
2780.97	3507.77
1553.97	3535.00
1566.29	3547.37
1547.65	3546.70
1710.09	3554.28
1993.05	3535.08
2314.07	3536.29
2347.61	3557.18
2331.05	3558.08
2239.90	3560.62
2082.39	3564.64
1859.63	3565.69
1602.32	3566.71
2577.23	3509.50
2357.59	3568.05
2283.53	3572.40
2928.32	3569.85
1992.24	3571.56
2860.00	3569.17
3280.23	3573.18
2892.77	3524.06
1930.61	3568.66
2893.65	3577.16
2936.02	3576.81
1643.99	3570.99
2199.24	3548.43
3000.95	3566.93
1831.92	3575.33
2121.19	3580.08
2351.06	3548.73
1943.34	3583.48
3447.88	3584.31
1641.14	3539.97
2866.96	3563.47
2869.87	3587.35
2364.91	3587.01
3537.33	3588.11
2430.48	3553.25
2108.07	3588.11
2186.48	3585.50
2826.76	3590.88
2388.85	3586.42
2432.59	3591.83
1799.58	3593.02
2422.61	3592.61
2841.04	3593.17
1877.30	3593.65
2078.95	3529.12
2456.37	3594.36
2758.96	3619.96
2495.39	3593.72
2726.92	3543.15
2063.26	3591.93
3016.28	3579.23
2329.76	3594.86
3273.59	3596.82
1792.96	3556.78
2754.00	3529.48
2927.52	3603.27
2735.40	3596.97
1906.19	3688.11
2523.68	3606.08
2833.87	3605.88
2160.51	3606.73
1518.09	3527.61
2179.58	3587.36
2956.66	3608.38
3373.14	3564.02
2410.13	3595.43
2301.30	3609.31
1984.42	3609.00
2222.62	3609.76
2919.28	3609.69
2108.22	3610.07
3145.71	3561.15
3266.69	3608.75
2912.86	3603.09
2033.26	3613.70
2847.99	3612.67
1697.80	3614.93
2012.82	3614.71
3064.32	3615.85
2964.58	3564.82
3193.86	3580.24
2386.18	3612.64
1822.77	3617.57
3338.24	3652.63
2457.26	3620.94
2402.48	3621.10
3501.91	3621.88
2190.13	3615.08
3199.80	3588.04
2119.74	3618.00
3142.15	3593.73
2555.84	3630.58
1782.54	3581.67
1938.18	3626.80
3011.55	3620.15
3396.06	3610.10
1672.42	3634.48
1710.91	3635.76
2354.80	3627.51
2042.22	3636.80
3290.57	3636.72
3025.13	3637.98
2988.98	3629.39
3467.72	3637.42
2476.38	3618.37
3423.72	3603.09
2300.17	3643.45
1974.48	3644.94
2978.10	3631.90
3261.11	3623.51
2749.79	3579.16
2279.84	3635.04
2867.46	3638.35
2894.17	3642.98
1721.78	3648.72
2792.57	3609.11
2574.86	3609.82
2167.32	3584.42
2184.08	3625.46
2410.17	3652.85
3235.85	3587.81
2230.49	3849.04
3395.10	3630.38
2377.89	3638.73
2840.33	3672.43
2013.72	3629.35
3316.47	3656.53
3402.00	3657.02
2653.99	3676.21
2291.41	3658.32
2731.08	3651.99
2686.01	3645.86
1702.24	3653.94
2094.45	3660.53
2585.68	3638.33
1919.96	3646.59
2318.26	3666.49
3142.18	3666.09
2579.93	3667.30
3077.32	3647.53
2591.40	3667.73
3216.04	3622.24
2537.94	3658.05
2117.07	3660.66
2361.95	3672.27
3025.26	3976.38
1853.53	3675.54
2780.51	3636.41
1721.50	3677.40
3133.48	3677.24
2871.54	3676.51
2387.60	3667.36
1712.74	3677.94
3087.51	3635.65
2398.05	3672.70
2845.58	3680.77
2531.52	3664.95
2146.73	3682.81
3232.43	3683.27
1797.20	3682.54
3215.39	3679.42
3249.74	3650.33
2603.92	3684.83
2518.51	3677.96
3360.27	3639.31
2948.25	3687.52
2441.53	3688.68
2793.55	3680.27
2577.22	3690.34
2496.10	3689.96
2922.35	3669.99
2064.81	3692.07
2908.49	3693.75
2761.02	3665.38
2675.97	3661.75
3089.79	3662.59
3257.09	3811.91
3315.72	3699.43
2529.65	3698.79
2183.83	3701.12
2864.80	3675.13
2081.01	3682.06
2990.13	3701.69
3198.34	3702.28
3186.25	3641.86
3293.32	3703.86
3308.39	3699.78
1871.94	3706.57
3057.94	3652.21
2334.45	3679.52
2021.71	3692.66
1790.63	3655.72
3403.43	3668.66
3037.07	3678.66
2811.66	3665.82
2700.00	3712.34
2503.47	3712.28
2039.92	3689.42
3288.53	3717.18
2240.42	3719.98
3211.03	3720.82
1788.61	3669.81
2538.35	3721.41
2535.49	3706.53
3388.77	3685.52
2015.14	3787.15
2523.22	3718.23
3188.09	3725.98
2704.78	3716.60
2074.89	3724.78
1819.69	3729.23
3172.38	3722.19
2212.17	3730.11
1937.02	3713.20
1966.22	3716.39
1798.67	3732.46
2166.52	3730.70
2798.85	3729.77
2120.80	3739.86
1908.62	3721.23
2323.49	3742.22
3357.44	3734.24
2367.08	3745.89
2048.87	3738.39
2577.78	3748.36
3032.80	3749.76
2560.26	3751.36
2196.34	3751.11
2915.37	3752.13
3078.99	3750.37
1961.28	3736.55
2465.07	3755.04
2086.71	3756.16
2344.15	3741.38
2622.11	3739.50
2646.69	3757.21
3342.79	3718.45
2248.10	3754.01
2509.77	3760.94
2973.93	3735.70
2302.84	3734.59
3390.36	3713.90
3374.43	3739.34
2598.85	3760.67
3153.11	3939.93
2617.44	3762.18
2223.20	3765.94
2668.98	3770.47
2551.09	3717.40
2408.16	3771.47
2287.59	3770.88
2679.92	3762.50
2535.74	3736.65
2337.09	3731.12
2240.40	3760.60
3355.41	3773.41
2351.58	3721.10
2362.02	3773.85
2581.33	3775.78
2009.59	3732.67
2873.58	3778.03
2116.97	3780.35
2723.34	3780.51
3047.18	3779.58
2978.76	3758.44
2000.40	3744.19
2405.07	3783.58
2185.67	3753.68
3224.77	3740.80
2483.44	3769.21
2342.59	3788.00
2482.10	3786.67
2170.47	3791.30
3244.94	3766.49
3135.73	3791.48
3005.61	3789.83
2932.89	3757.17
1941.82	3794.44
2435.07	3793.01
2923.48	3796.77
3136.37	3760.94
2519.79	3801.02
2384.74	3802.06
3052.11	3824.64
2400.71	3803.32
2837.69	3789.30
2307.49	3794.65
2371.41	3806.55
2188.74	3777.08
2883.66	3810.38
2558.01	3809.68
2666.16	3811.69
3354.29	3808.81
2869.59	3812.53
3077.95	3851.59
2725.82	3818.19
2631.22	3814.68
2115.91	3887.70
2472.43	3819.85
2786.67	3802.43
2824.92	3879.36
3337.94	3824.29
2946.10	3778.05
3214.55	3851.44
2462.47	3923.04
3003.74	3819.77
2745.26	3794.92
3170.28	3815.73
2722.01	3793.83
3141.25	3813.63
3210.10	3827.86
2158.36	3808.81
2453.80	3807.60
2346.82	3814.88
2716.48	3829.53
2973.89	3906.10
2705.43	3836.43
2862.38	3958.09
2940.78	3837.99
2580.46	3838.36
2562.36	3839.50
2478.05	3840.49
2436.00	3839.88
2607.17	3813.35
2099.67	3871.49
2604.41	3830.39
2359.24	3845.37
2777.68	3846.83
2784.49	3823.85
2598.40	3849.11
2500.40	3857.30
2727.52	3842.43
3010.61	3939.23
2252.89	3863.75
2731.97	3864.21
3028.85	3828.24
2589.69	3865.37
2035.33	3859.94
3020.30	3847.31
2948.15	3861.94
3016.37	3869.15
2009.69	3866.29
2687.00	3871.52
3099.19	3871.70
2160.83	3873.55
3261.11	3838.31
2161.85	3844.51
2480.64	3876.31
2763.87	3869.74
2868.83	3875.77
2508.46	3872.42
2984.03	3873.52
2094.32	3850.49
3225.69	3881.51
3287.44	3881.76
2600.99	3883.49
2088.43	3857.86
3004.10	3870.11
2628.02	3856.14
2003.79	3878.23
2758.04	3850.90
2968.01	3853.84
2889.48	3886.46
2777.73	3884.03
2909.28	3883.65
3167.82	3905.73
2950.75	3870.94
2663.32	3872.23
2160.98	3896.77
2507.97	3898.28
2720.76	3897.57
2676.58	3903.92
2186.41	3904.28
3253.57	3881.75
2576.57	3876.88
2619.56	3906.90
2422.20	3995.57
3233.97	3893.63
3046.41	3872.94
2767.74	3912.40
2349.97	3913.46
2698.67	3890.42
2188.79	3916.76
2782.45	3899.93
2897.78	4013.72
2301.88	3910.87
2005.16	3908.47
2860.11	3901.27
3101.56	3944.12
2793.00	3927.77
2848.49	3911.53
3254.03	3928.67
2242.78	3925.78
2231.05	3909.28
3194.89	3924.40
2606.45	4081.07
2548.41	3967.77
2225.57	3945.52
2783.08	3916.67
2332.61	3928.70
2933.47	3950.79
2791.30	3941.57
2376.51	3950.91
2770.75	3937.84
2667.28	3949.63
2328.40	3959.06
2914.68	3940.35
2506.26	3934.04
3096.65	4042.09
2146.46	3961.57
2748.51	3952.66
2548.89	3950.97
2247.70	3964.55
2350.69	3980.60
2752.16	3981.10
2180.97	3965.66
2491.49	3985.64
2785.72	3955.25
2778.75	3992.27
2697.85	3987.74
2327.59	3997.70
2504.33	3999.74
2202.46	4000.65
2791.86	4003.43
2820.06	4004.52
2639.60	4012.44
2678.66	4053.74
2787.18	4044.23
2452.41	3983.76
2536.77	3990.63
2287.56	4012.26
2778.80	4013.15
2210.47	4015.53
2574.25	4005.40
2334.43	4020.50
3123.36	4019.96
2369.31	4016.61
2636.78	4027.26
2752.62	4027.36
2349.99	4024.65
2815.54	4029.42
2313.62	4014.43
2845.70	4015.57
2591.13	3998.99
2658.28	4021.57
2230.80	4010.98
2880.36	4037.60
2977.84	4008.82
3086.34	4072.39
2474.43	4033.69
2293.35	4003.86
2947.73	4020.70
2281.65	4041.60
2702.40	4043.36
2280.86	4032.36
2978.95	4034.50
2512.12	4028.30
2454.19	4050.66
2329.70	4032.92
3054.70	4056.18
2967.79	4056.10
2442.84	4035.84
2739.34	4060.90
2862.25	4056.85
2623.61	4048.02
2360.64	4063.23
2950.28	4041.34
3035.11	4061.28
2553.57	4082.74
2402.91	4044.88
2765.29	4100.50
2564.88	4063.30
2946.50	4078.96
3034.84	4080.36
2663.04	4075.33
2302.98	4080.07
2469.79	4085.29
3001.64	4146.65
2939.33	4059.69
2481.74	4089.67
2990.50	4092.17
2778.89	4073.69
2370.09	4081.05
2929.50	4088.07
2873.01	4094.59
2510.98	4113.86
2728.87	4100.61
3068.23	4088.77
2695.74	4103.00
2721.01	4101.99
2635.69	4102.92
2891.65	4109.36
2444.67	4111.74
2655.92	4116.37
2554.09	4109.74
2643.87	4100.71
2657.30	4095.25
2365.67	4101.93
2712.46	4118.91
2468.24	4119.85
2977.02	4108.84
2385.95	4105.78
2521.22	4124.00
2274.67	4122.60
2977.54	4123.00
2791.68	4108.19
2453.79	4129.20
2456.50	4138.20
2310.55	4131.49
2521.95	4159.58
2590.61	4121.03
3047.67	4140.78
2634.35	4144.44
3041.51	4147.80
2672.95	4149.08
2881.23	4148.18
3100.98	4125.26
3073.63	4151.17
2754.81	4157.14
2377.97	4160.44
2874.38	4162.40
2400.32	4158.76
2733.74	4156.29
2496.63	4159.76
2731.62	4146.87
3023.56	4169.28
2494.13	4170.98
2763.46	4173.22
2782.63	4174.55
2696.04	4175.30
2730.01	4175.61
2616.98	4179.30
2486.53	4181.77
2371.80	4182.39
2552.58	4191.64
2356.41	4185.27
2786.13	4184.99
2867.04	4174.99
2394.42	4191.22
2885.46	4214.66
2496.77	4203.62
2904.51	4234.04
2971.20	4212.16
2400.36	4212.16
2920.76	4207.65
2817.23	4211.40
2898.84	4211.48
2769.66	4213.30
2860.66	4220.89
2630.61	4220.82
2525.70	4222.41
2588.68	4207.01
2877.91	4227.38
2993.12	4230.29
2863.26	4229.47
2887.10	4228.28
2962.76	4220.74
2598.91	4238.21
2698.46	4246.10
2810.53	4250.46
2611.60	4246.19
2902.22	4250.90
2621.52	4247.70
2538.70	4248.39
2471.75	4259.23
2871.05	4261.57
2667.29	4264.27
2460.97	4270.74
2522.07	4273.23
2490.49	4264.04
2774.02	4374.17
2623.96	4268.10
2913.16	4270.95
2475.99	4278.49
2880.23	4281.32
2835.05	4297.20
2760.72	4289.74
2506.24	4298.96
2799.96	4290.71
2910.81	4309.53
2568.62	4317.58
2554.02	4321.48
2593.63	4321.49
2670.29	4324.39
2718.93	4324.05
2541.70	4322.49
2917.02	4322.13
2942.98	4331.49
2569.47	4328.08
2921.63	4341.69
2815.97	4346.34
2815.34	4335.78
2599.72	4359.41
2898.10	4375.64
2642.40	4372.44
2630.88	4374.90
2807.36	4386.36
2844.62	4409.83
2858.44	4386.43
2820.63	4402.80
2753.93	4444.72
2720.32	4463.43
2793.75	4462.31
