#	mag	magerr
25.689439	1.373688
22.931582	0.385759
28.088402	4.146505
27.149138	2.690462
24.363977	0.746097
24.390664	0.755323
28.585085	5.212143
27.642179	3.376251
28.034879	4.045515
28.901195	6.028860
28.284281	4.537921
24.167569	0.681575
26.392433	1.898831
28.763014	5.657204
27.709853	3.483142
25.718029	1.391892
28.368707	4.717793
27.883585	3.773253
26.477548	1.974738
27.952819	3.895505
27.737819	3.528290
27.302011	2.886695
26.935235	2.438070
24.614681	0.837406
27.020164	2.535318
28.224389	4.414440
27.420278	3.048281
28.265111	4.498017
29.795912	9.103000
26.255172	1.782518
28.238444	4.443115
28.785625	5.716424
27.052932	2.573873
27.959165	3.906905
26.352511	1.864244
27.244164	2.810826
27.643492	3.378304
26.500318	1.995556
26.566469	2.057286
25.459692	1.235772
27.794343	3.621344
28.369940	4.720480
27.605431	3.319606
24.109985	0.663738
28.473084	4.950159
28.606142	5.262970
25.630151	1.336689
26.444983	1.945342
26.527634	2.020815
27.087684	2.615392
27.891980	3.787893
27.170344	2.716872
27.841975	3.701662
28.414613	4.818636
23.500835	0.501380
27.337667	2.934503
26.175824	1.718560
27.109627	2.641958
27.933032	3.860170
28.372532	4.726134
26.424316	1.926920
27.090852	2.619214
22.544114	0.322718
23.809338	0.577920
27.908652	3.817073
26.748408	2.237080
27.623638	3.347558
28.595637	5.237560
19.427513	0.076825
27.896476	3.795744
28.494063	4.998176
26.377790	1.886072
26.757564	2.246532
28.570524	5.177339
27.469500	3.118164
27.737900	3.528417
27.975747	3.936858
26.692551	2.180270
26.805410	2.296579
25.688156	1.372875
24.691721	0.867649
27.933323	3.860669
29.575300	8.223507
27.639151	3.371566
29.434532	7.707259
28.591683	5.228032
25.353216	1.176639
27.746981	3.543212
27.838144	3.695121
26.368039	1.877621
28.776440	5.692275
27.012404	2.526278
29.353527	7.425185
27.399157	3.018773
25.836810	1.470151
27.522755	3.195597
24.946338	0.975591
28.949409	6.164304
27.833647	3.687489
27.878850	3.765040
28.232971	4.431950
30.797123	14.435507
29.048567	6.452248
26.438993	1.939987
28.962567	6.201731
25.214829	1.103991
28.724207	5.556990
25.634070	1.339103
26.303724	1.822824
27.625927	3.351099
27.691216	3.453370
28.553774	5.137567
27.926918	3.849324
28.314685	4.601885
99.000000	99.000000
22.763540	0.357033
28.124057	4.215145
28.454540	4.908029
28.267442	4.502879
26.315462	1.832705
24.714895	0.876959
24.981543	0.991536
23.795469	0.574240
27.192299	2.744479
26.217872	1.752162
26.773411	2.262985
27.373848	2.983796
27.263621	2.836112
28.465158	4.932059
26.034953	1.610612
27.814172	3.654553
26.940754	2.444282
28.661575	5.399056
27.083015	2.609775
24.200889	0.692114
26.290066	1.811396
25.085847	1.040326
28.635403	5.334348
26.328035	1.843349
28.674693	5.431728
27.873859	3.756410
28.854048	5.899454
29.112042	6.643715
28.161741	4.288910
23.543251	0.511270
22.789612	0.361345
26.389326	1.896115
26.169803	1.713802
24.472259	0.784245
25.049436	1.023027
26.768297	2.257666
23.777424	0.569488
26.494041	1.989797
27.241303	2.807116
27.793561	3.620019
25.053762	1.025067
25.615240	1.327541
24.952898	0.978542
24.037061	0.641818
29.949304	9.769422
27.912503	3.823866
24.780338	0.903790
27.200805	2.755253
26.484020	1.980633
25.524942	1.273470
24.802447	0.913040
27.375308	2.985798
28.180984	4.327086
28.213715	4.392825
27.188299	2.739422
26.592767	2.082348
26.237902	1.768400
23.704211	0.550608
26.979824	2.488654
27.144261	2.684435
27.655052	3.396334
28.243213	4.452898
27.080076	2.606238
27.098371	2.628298
27.123117	2.658415
26.173470	1.716700
23.997991	0.630374
26.199820	1.737658
27.183276	2.733103
29.392219	7.558704
28.682150	5.450419
24.746758	0.889922
28.535925	5.095469
22.841466	0.370078
27.996336	3.974348
28.423803	4.839035
29.540402	8.092403
27.485912	3.141838
27.747240	3.543618
25.424427	1.215865
26.034463	1.610249
28.171935	4.309089
26.969997	2.477420
25.982422	1.572114
29.390731	7.553489
27.580814	3.282181
26.233839	1.765096
25.570601	1.300529
28.299161	4.569123
28.088178	4.146062
28.077055	4.124870
26.647899	2.135894
24.732626	0.884149
26.122922	1.677198
27.885751	3.777038
26.784381	2.274449
22.155937	0.269890
28.624551	5.307753
26.297089	1.817263
26.068477	1.635668
27.802762	3.635406
27.979118	3.942989
26.511649	2.005996
25.705747	1.384044
26.712148	2.200034
25.890276	1.506797
26.750159	2.238886
23.944839	0.615131
24.799815	0.911934
27.519799	3.191246
27.918568	3.834524
26.860541	2.355637
23.187049	0.433920
28.560184	5.152745
28.189310	4.343717
27.197291	2.750800
27.620212	3.342274
29.032104	6.403576
26.120265	1.675147
26.612296	2.101162
27.518981	3.190043
27.776115	3.591063
24.987935	0.994459
25.981824	1.571682
28.072870	4.116932
25.906146	1.517850
26.544773	2.036828
24.867370	0.940749
27.269559	2.843884
24.525480	0.803703
23.541492	0.510856
28.638621	5.342219
28.027883	4.032539
27.398178	3.017418
25.661178	1.355925
29.079422	6.544567
26.866528	2.362139
23.329592	0.463360
27.492804	3.151820
22.359536	0.296420
30.099299	10.467784
28.380443	4.743391
29.301631	7.249869
27.104199	2.635360
22.886822	0.377889
24.251863	0.708554
29.923197	9.652567
26.688527	2.176236
25.568272	1.299136
26.876411	2.372917
29.129968	6.698811
24.293314	0.722209
26.658270	2.146120
26.010689	1.592714
28.248587	4.463933
28.657500	5.388907
23.563628	0.516090
29.657327	8.540223
24.675106	0.861036
26.094155	1.655126
28.026454	4.029881
27.740444	3.532551
25.849034	1.478449
26.809202	2.300596
25.889389	1.506183
28.250406	4.467665
25.935945	1.538824
27.722652	3.503726
26.374154	1.882918
27.440080	3.076216
27.460344	3.105052
27.830978	3.682953
26.593751	2.083291
26.084065	1.647452
27.198269	2.752037
28.139287	4.244797
17.480779	0.031344
27.415325	3.041337
27.389602	3.005528
26.884529	2.381798
26.785381	2.275495
27.495644	3.155943
27.144942	2.685275
22.296442	0.287931
27.022519	2.538071
28.689529	5.468954
28.308746	4.589313
25.558441	1.293267
26.618184	2.106866
26.861421	2.356591
28.290379	4.550705
28.606773	5.264453
21.902247	0.240132
27.911154	3.821470
25.785531	1.435841
26.068948	1.636023
25.434159	1.221326
25.914215	1.523503
29.265876	7.131414
24.415513	0.764016
27.592208	3.299451
24.477307	0.786070
21.480552	0.197747
25.427743	1.217722
27.268409	2.842377
26.786304	2.276465
26.172242	1.715728
27.703849	3.473517
23.061594	0.409561
27.684118	3.442087
27.443455	3.081000
27.429111	3.060714
28.392405	4.769576
27.346407	2.946326
25.439965	1.224596
28.517672	5.052849
26.109738	1.667046
26.806315	2.297539
19.078485	0.065418
27.082830	2.609555
23.628910	0.531841
25.654619	1.351835
28.503899	5.020898
28.119994	4.207243
26.135100	1.686631
24.939741	0.972631
28.089877	4.149286
29.662566	8.560718
25.326217	1.162099
28.164181	4.293726
25.826775	1.463374
26.771650	2.261157
27.228926	2.791165
25.002931	1.001351
28.188880	4.342864
28.039741	4.054613
27.860990	3.734208
28.537307	5.098763
24.660273	0.855174
28.592009	5.228811
28.000030	3.981139
26.873371	2.369595
27.470926	3.120217
24.881430	0.946861
25.743198	1.408120
25.936086	1.538923
27.904436	3.809683
27.719777	3.499088
30.124331	10.589258
27.663186	3.409077
27.395265	3.013375
22.766846	0.357577
27.226189	2.787650
27.311534	2.899391
25.047924	1.022316
25.672124	1.362778
28.633458	5.329546
22.731598	0.351819
26.277158	1.800662
26.181957	1.723420
27.978494	3.941841
26.383568	1.891096
26.177088	1.719560
24.643517	0.848601
25.740648	1.406466
27.955541	3.900400
26.425571	1.928033
27.658238	3.401328
26.632915	2.121208
28.212500	4.390343
24.517167	0.800633
23.362387	0.470411
26.220402	1.754206
27.394812	3.012744
27.300094	2.884159
26.303919	1.822988
28.184650	4.334410
26.110079	1.667308
23.843899	0.587191
27.565507	3.259132
27.655516	3.397057
29.153660	6.772289
28.227652	4.421102
28.146077	4.258100
27.167015	2.712706
26.465071	1.963423
27.784831	3.605499
27.667662	3.416111
25.872062	1.494213
28.600473	5.249228
26.939704	2.443100
24.292214	0.721843
28.610994	5.274720
27.819945	3.664286
25.015573	1.007197
25.569128	1.299647
26.216773	1.751278
27.065905	2.589293
25.391135	1.197365
26.244250	1.773575
25.519005	1.269993
27.338359	2.935435
22.682844	0.344008
27.559882	3.250703
29.660976	8.554555
27.848990	3.713630
27.140645	2.679968
27.444362	3.082284
23.892522	0.600488
28.791888	5.732992
27.078366	2.604193
28.339218	4.654175
27.579587	3.280323
28.031491	4.039222
24.634306	0.845009
25.248308	1.121145
26.566373	2.057187
27.685135	3.443710
25.522416	1.271988
27.934068	3.862005
29.114921	6.652416
27.699718	3.466910
26.851099	2.345412
27.526231	3.200711
25.035947	1.016692
27.380343	2.992736
25.861700	1.487099
27.006213	2.519085
27.550469	3.236638
25.705678	1.383998
26.038536	1.613271
28.620582	5.298041
25.692312	1.375504
19.647203	0.085004
23.188250	0.434160
24.418376	0.765024
27.748823	3.546209
23.598042	0.524334
23.915992	0.607014
23.930644	0.611123
28.186201	4.337523
25.667091	1.359623
27.232238	2.795427
24.808979	0.915790
25.434695	1.221628
29.134460	6.712657
23.500708	0.501351
27.316043	2.905414
27.391771	3.008526
28.533138	5.088957
27.914378	3.827150
26.607752	2.096770
25.831456	1.466531
27.564308	3.257340
24.714146	0.876655
27.015130	2.529444
27.736954	3.526887
28.784881	5.714463
24.344918	0.739577
26.794136	2.284688
29.727827	8.821854
27.169399	2.715688
26.822587	2.314822
25.607138	1.322598
28.801134	5.757392
25.044479	1.020695
27.868998	3.748002
29.085485	6.562863
28.764788	5.661837
29.036163	6.415542
27.390220	3.006381
26.477023	1.974260
27.193273	2.745705
23.406904	0.480154
26.860583	2.355678
27.247498	2.815134
27.028558	2.545134
26.263188	1.789110
29.505008	7.961651
26.434328	1.935822
25.182586	1.087720
23.521595	0.506196
25.320083	1.158822
26.099794	1.659430
25.396648	1.200411
26.110810	1.667868
28.745333	5.611386
27.201951	2.756697
26.337964	1.851796
28.003753	3.987961
29.725801	8.813874
26.849529	2.343715
27.787488	3.609927
28.105125	4.178531
28.164441	4.294258
25.462552	1.237400
25.486749	1.251266
27.902641	3.806520
26.834338	2.327380
27.430943	3.063294
28.957526	6.187321
25.358655	1.179589
27.050152	2.570575
24.092626	0.658454
27.202438	2.757325
23.364561	0.470882
28.734888	5.584420
26.293960	1.814647
25.308484	1.152648
28.673892	5.429759
26.635777	2.124005
25.353546	1.176817
28.544302	5.115152
26.570258	2.060871
26.772133	2.261657
29.870383	9.420394
26.270490	1.795141
27.882843	3.771985
24.922904	0.965119
26.036571	1.611811
28.021194	4.020121
25.609907	1.324286
28.749649	5.622546
26.467136	1.965293
27.676006	3.429270
29.474806	7.851735
27.913630	3.825820
28.216148	4.397729
26.111351	1.668285
26.540677	2.032990
26.621466	2.110052
27.627367	3.353319
27.359139	2.963664
30.149830	10.714499
25.644142	1.345329
26.333776	1.848226
26.546923	2.038846
27.063172	2.586039
28.003511	3.987518
25.399408	1.201936
27.024794	2.540736
27.143581	2.683588
99.000000	99.000000
25.827261	1.463701
29.110845	6.640051
27.282100	2.860356
23.403497	0.479401
26.111904	1.668709
30.375991	11.890570
27.690323	3.451949
27.516024	3.185690
28.103288	4.175004
25.875923	1.496872
28.082296	4.134826
23.115045	0.419768
23.224178	0.441403
25.323588	1.160694
27.040786	2.559510
26.359028	1.869846
27.834814	3.689467
29.076172	6.534868
25.530644	1.276817
22.653701	0.339422
27.243076	2.809413
23.407858	0.480365
26.702938	2.190723
24.828973	0.924261
25.920082	1.527626
26.245617	1.774695
27.352427	2.954504
28.006848	3.993668
28.880284	5.971191
27.650478	3.389200
29.416114	7.642156
23.425239	0.484226
28.036462	4.048499
27.713256	3.488602
25.064669	1.030229
27.547142	3.231674
26.608014	2.097022
25.370650	1.186124
26.060265	1.629494
28.333986	4.642990
26.271074	1.795621
27.364904	2.971532
26.120677	1.675464
28.497867	5.006944
29.398128	7.579331
27.467991	3.116009
28.029968	4.036381
99.000000	99.000000
28.380931	4.744468
27.534258	3.212562
27.998310	3.977973
26.928101	2.430081
25.244162	1.119005
27.694861	3.459178
25.398621	1.201501
25.301909	1.149163
22.616306	0.333627
27.978392	3.941660
26.774463	2.264080
28.345965	4.668672
26.117618	1.673108
21.832769	0.232570
29.399001	7.582270
28.606894	5.264760
28.253618	4.474275
28.186283	4.337680
25.786031	1.436171
22.759275	0.356332
24.292311	0.721875
23.280632	0.453029
27.454716	3.097018
28.963987	6.205769
30.237400	11.155301
24.699170	0.870631
27.982245	3.948640
27.248703	2.816697
26.263803	1.789619
27.725255	3.507937
27.360303	2.965243
28.610421	5.273352
28.818950	5.804866
25.829026	1.464891
28.673220	5.428020
25.362294	1.181569
29.024075	6.379884
26.764551	2.253777
25.073958	1.034645
23.827382	0.582742
28.172863	4.310933
28.604459	5.258884
27.406105	3.028459
27.079825	2.605949
26.043842	1.617217
25.697274	1.378652
27.650977	3.389965
25.655792	1.352565
26.151908	1.699735
28.289301	4.548400
28.075708	4.122319
25.522601	1.272097
26.334897	1.849181
27.984262	3.952310
25.873493	1.495198
26.296587	1.816842
22.698832	0.346550
27.134199	2.672017
28.582199	5.205213
22.486482	0.314265
27.178840	2.727526
27.253027	2.822314
28.105429	4.179122
26.927793	2.429735
28.370376	4.721461
26.234834	1.765904
27.646793	3.383440
27.285846	2.865300
27.734014	3.522100
23.514347	0.504510
26.270801	1.795395
28.522478	5.064034
23.271659	0.451161
27.355740	2.959014
28.458890	4.917866
26.309791	1.827923
26.052320	1.623544
26.728178	2.216336
26.345485	1.858217
27.165083	2.710293
26.273755	1.797840
26.555187	2.046620
25.001332	1.000614
27.996834	3.975269
25.384581	1.193758
25.243440	1.118635
27.388337	3.003780
27.894616	3.792483
24.882839	0.947475
24.191762	0.689211
25.428492	1.218143
27.561122	3.252544
27.803236	3.636199
26.734468	2.222766
26.438825	1.939838
27.626757	3.352367
27.271985	2.847060
23.144429	0.425486
28.101926	4.172417
29.542466	8.100125
27.059584	2.581759
26.910005	2.409906
24.767320	0.898388
26.545656	2.037659
26.406956	1.911574
27.296803	2.879790
27.801343	3.633018
27.989379	3.961658
25.233807	1.113682
19.866651	0.094044
27.530991	3.207736
26.403051	1.908138
28.672996	5.427490
27.813491	3.653395
27.526131	3.200549
24.302723	0.725345
26.530778	2.023746
27.468856	3.117238
24.376064	0.750262
19.951148	0.097775
25.958693	1.555028
26.453282	1.952794
25.904498	1.516700
27.240482	2.806057
28.159288	4.284091
29.320338	7.312497
28.241944	4.450269
27.014825	2.529090
27.747295	3.543720
26.735311	2.223631
26.586996	2.076822
28.684637	5.456662
26.692138	2.179859
26.420851	1.923844
25.625895	1.334071
27.420106	3.048042
26.994692	2.505758
28.776651	5.692896
24.917575	0.962754
26.988113	2.498171
25.159374	1.076155
24.432881	0.770152
27.558380	3.248446
24.269150	0.714216
26.355212	1.866564
27.260020	2.831420
25.906333	1.517981
29.082729	6.554563
27.570883	3.267208
28.430997	4.855102
22.311042	0.289873
28.324664	4.623108
22.751811	0.355109
26.566313	2.057134
28.679509	5.443783
27.600287	3.311745
26.080561	1.644797
28.468862	4.940516
26.625156	2.113639
24.132595	0.670686
27.536636	3.216080
27.694458	3.458542
23.565786	0.516603
27.331728	2.926476
28.057757	4.088388
25.105920	1.049987
24.611795	0.836294
27.557452	3.247064
27.972790	3.931496
23.760288	0.565012
25.223985	1.108657
27.490509	3.148486
27.053032	2.573986
27.586784	3.291211
25.950295	1.549026
27.297875	2.881216
28.686254	5.460743
26.038700	1.613392
21.451275	0.195099
28.725314	5.559815
28.607978	5.267382
23.144782	0.425556
26.193932	1.732951
27.013770	2.527861
26.271922	1.796320
28.522394	5.063824
27.174214	2.721714
25.435581	1.222127
24.463633	0.781136
26.596535	2.085963
26.967122	2.474143
25.387205	1.195201
28.864413	5.927618
27.802031	3.634186
27.516994	3.187126
27.943763	3.879293
28.365908	4.711726
27.112214	2.645106
25.848557	1.478125
22.799550	0.363003
25.705886	1.384131
26.563322	2.054305
28.315076	4.602716
24.615131	0.837580
25.169029	1.080950
27.706459	3.477692
28.836692	5.852514
26.851463	2.345814
27.738684	3.529683
25.116329	1.055032
28.029756	4.036016
26.189744	1.729614
26.190566	1.730268
27.442723	3.079959
27.014089	2.528240
27.552724	3.239996
28.561136	5.155005
27.339923	2.937551
27.571068	3.267477
26.249893	1.778191
23.362603	0.470458
22.186946	0.273772
26.350629	1.862626
27.155958	2.698936
25.265734	1.130178
27.939751	3.872136
27.608607	3.324466
26.150864	1.698918
26.104543	1.663065
26.723601	2.211669
29.608627	8.350837
27.735348	3.524282
28.895841	6.014070
25.121606	1.057600
22.599355	0.331033
27.762204	3.568133
25.392981	1.198383
23.238062	0.444235
27.081013	2.607374
27.942619	3.877240
27.619509	3.341192
26.397590	1.903346
26.929140	2.431244
25.963345	1.558365
27.512492	3.180515
28.049783	4.073405
28.245972	4.458543
23.880962	0.597300
28.150377	4.266533
26.076594	1.641794
26.547659	2.039538
28.333448	4.641852
28.439450	4.874020
26.328209	1.843494
25.499541	1.258659
27.463216	3.109168
27.714433	3.490497
27.429447	3.061182
24.915498	0.961833
25.702420	1.381923
26.892517	2.390577
28.652938	5.377617
27.327848	2.921259
28.251620	4.470186
27.698257	3.464590
25.360002	1.180322
28.071013	4.113416
27.757005	3.559590
25.088278	1.041491
24.949791	0.977143
28.085810	4.141558
28.166545	4.298413
26.950561	2.455348
23.939008	0.613482
27.050030	2.570432
27.300926	2.885260
29.074782	6.530686
24.483239	0.788221
28.598022	5.243306
27.390701	3.007044
22.580970	0.328242
27.546609	3.230892
27.125636	2.661503
26.644891	2.132939
25.819954	1.458784
28.932340	6.115995
28.979824	6.251192
27.252621	2.821792
27.479458	3.132499
28.235704	4.437509
27.073026	2.597793
27.030888	2.547869
27.933032	3.860170
28.162221	4.289884
26.147650	1.696407
26.303274	1.822446
27.172550	2.719632
24.941324	0.973340
29.291182	7.215096
26.863884	2.359260
30.883991	15.024153
26.240404	1.770439
27.047930	2.567945
26.318405	1.835191
25.858430	1.484861
28.137079	4.240488
24.840531	0.929193
25.703561	1.382650
25.513928	1.267027
26.050792	1.622402
25.012497	1.005772
28.088234	4.146155
28.082537	4.135318
26.416408	1.919913
26.289710	1.811097
26.294929	1.815454
27.760891	3.565984
28.366390	4.712775
28.232608	4.431217
29.715559	8.772220
26.085024	1.648181
22.407390	0.303025
22.166997	0.271268
23.977989	0.624594
23.212405	0.439017
23.829556	0.583326
25.046872	1.021820
23.854169	0.589975
26.200289	1.738031
23.579873	0.519966
26.558754	2.049988
25.213304	1.103217
24.752577	0.892309
26.963063	2.469520
28.192881	4.350850
28.896391	6.015597
27.792295	3.617909
27.367909	2.975659
26.687530	2.175232
27.607347	3.322544
26.857124	2.351931
26.680173	2.167873
24.404236	0.760059
24.390602	0.755301
27.052881	2.573813
29.059014	6.483354
27.613706	3.332267
20.428967	0.121841
28.592782	5.230698
29.731975	8.838672
27.519379	3.190622
27.573552	3.271215
27.211781	2.769215
27.898653	3.799535
26.308410	1.826763
25.132552	1.062944
25.536197	1.280086
26.913156	2.413415
27.725829	3.508859
25.875777	1.496772
25.264970	1.129780
26.700799	2.188566
26.911817	2.411922
26.657381	2.145241
26.553751	2.045266
24.779376	0.903390
23.183369	0.433185
26.871038	2.367054
29.073070	6.525549
26.282830	1.805368
26.660859	2.148680
27.973008	3.931884
28.791174	5.731065
27.797652	3.626858
28.030322	4.037045
24.829971	0.924686
28.424337	4.840245
26.486805	1.983175
27.645191	3.380943
24.376529	0.750422
27.619048	3.340490
29.167844	6.816644
27.426135	3.056512
27.273218	2.848672
23.439827	0.487490
27.048130	2.568182
23.012503	0.400406
26.495995	1.991587
26.969897	2.477308
28.211496	4.388326
27.574924	3.273293
26.329808	1.844852
27.787332	3.609658
27.991272	3.965097
27.557555	3.247224
24.333797	0.735800
26.984521	2.494044
26.681128	2.168830
28.026665	4.030261
27.498427	3.159988
29.076079	6.534523
27.042908	2.562016
23.797986	0.574907
28.256207	4.479602
28.053356	4.080090
24.151601	0.676582
27.468603	3.116890
27.607875	3.323342
28.080367	4.131174
27.374196	2.984281
27.279784	2.857306
25.150885	1.071956
26.253476	1.781129
27.687997	3.448247
26.334559	1.848893
28.482382	4.971381
27.679664	3.435049
26.318496	1.835264
26.757060	2.246014
28.752054	5.628743
26.996214	2.507511
27.514504	3.183475
28.742636	5.604372
24.929489	0.968050
26.073894	1.639753
26.343743	1.856728
27.437258	3.072214
27.416652	3.043203
27.842124	3.701895
25.903213	1.515801
27.540855	3.222341
23.747810	0.561774
26.109220	1.666649
28.803620	5.763946
26.285150	1.807300
24.930298	0.968411
27.323013	2.914753
25.772708	1.427386
27.068551	2.592444
27.101789	2.632434
25.276335	1.135709
29.396819	7.574674
26.612085	2.100957
25.201504	1.097238
25.266041	1.130338
27.076211	2.601607
28.292292	4.554684
21.189775	0.172964
25.124730	1.059121
29.618286	8.387884
28.153108	4.271913
27.158238	2.701763
26.761225	2.250322
27.532724	3.210294
27.698387	3.464802
27.246896	2.814357
25.975593	1.567178
24.897794	0.954023
28.120475	4.208185
25.852143	1.480568
28.554950	5.140305
27.166073	2.711529
28.240504	4.447319
27.945594	3.882556
27.619727	3.341540
27.359740	2.964478
26.528508	2.021628
25.949795	1.548670
28.415597	4.820795
27.862278	3.736406
26.866080	2.361650
22.515712	0.318524
26.563803	2.054755
27.191474	2.743439
28.540558	5.106386
23.590848	0.522600
28.545552	5.118140
29.759464	8.951282
24.349736	0.741220
28.262347	4.492291
25.737275	1.404284
27.494347	3.154046
28.722197	5.551891
28.165663	4.296694
27.739131	3.530424
26.174049	1.717156
28.474228	4.952731
25.659625	1.354955
25.291525	1.143681
27.341441	2.939606
24.114817	0.665217
27.250488	2.819010
27.141386	2.680878
26.895972	2.394385
28.338771	4.653213
24.727262	0.881967
27.109748	2.642106
22.452190	0.309341
27.859689	3.731964
25.144528	1.068823
27.151995	2.694009
26.946647	2.450917
27.137545	2.676139
27.893165	3.789960
26.098933	1.658773
28.093960	4.157090
28.036462	4.048499
26.927390	2.429286
28.187857	4.340826
27.002959	2.515311
26.749784	2.238498
28.337291	4.650075
27.229755	2.792230
27.787304	3.609603
25.386887	1.195025
28.387968	4.759889
25.525706	1.273917
24.931306	0.968861
29.009371	6.336867
28.301158	4.573308
28.284259	4.537869
26.838664	2.332021
28.306667	4.584927
27.607647	3.322998
24.041080	0.643007
27.140192	2.679405
25.395912	1.200003
27.588055	3.293157
26.476820	1.974077
28.588749	5.220956
26.883963	2.381179
26.861487	2.356663
26.149636	1.697961
25.732788	1.401386
29.136664	6.719433
28.644088	5.355735
28.327289	4.628666
27.773710	3.587092
28.171471	4.308196
25.391649	1.197650
25.954066	1.551719
25.895524	1.510443
27.480791	3.134430
26.912986	2.413222
26.615709	2.104466
25.890079	1.506661
24.802382	0.913012
25.552528	1.289751
25.439391	1.224272
26.975174	2.483328
28.338325	4.652252
26.997136	2.508571
28.547146	5.121908
23.774630	0.568756
26.726116	2.214229
27.598657	3.309263
28.299773	4.570426
28.334243	4.643530
25.558020	1.293017
27.643442	3.378230
26.086414	1.649234
28.066595	4.105069
26.761022	2.250113
26.714157	2.202073
28.307443	4.586587
22.931325	0.385714
26.290433	1.811700
28.052435	4.078392
27.711355	3.485561
27.718196	3.496552
27.617027	3.337373
28.447111	4.891287
26.997963	2.509532
27.527132	3.202036
26.357162	1.868237
20.479941	0.124735
25.562139	1.295470
27.166488	2.712051
28.853368	5.897534
28.871993	5.948376
25.050258	1.023414
26.002187	1.586490
27.835375	3.690409
24.550589	0.813051
24.044332	0.643971
26.896732	2.395223
26.164402	1.709543
28.862926	5.923541
28.430076	4.853082
27.645898	3.382049
27.627599	3.353664
24.551479	0.813384
26.702323	2.190102
24.802431	0.913032
27.814869	3.655735
26.045259	1.618272
25.895472	1.510407
26.378783	1.886936
26.870637	2.366616
28.824415	5.819426
28.553488	5.136818
26.622482	2.111042
27.419360	3.047006
27.652063	3.391655
28.086499	4.142850
28.233312	4.432636
27.205778	2.761565
25.214445	1.103796
25.841485	1.473319
27.068376	2.592241
28.185160	4.335413
28.011725	4.002627
26.096811	1.657151
27.908019	3.815971
26.261458	1.787688
28.835911	5.850293
24.392601	0.755997
28.718289	5.541861
28.676232	5.435591
99.000000	99.000000
28.057104	4.087149
30.297252	11.467324
24.820278	0.920567
27.324046	2.916143
26.902146	2.401200
28.383795	4.750722
27.764210	3.571416
27.694588	3.458740
27.334875	2.930720
23.686846	0.546222
27.803179	3.636112
26.940391	2.443870
25.299500	1.147889
25.196622	1.094774
24.967455	0.985124
26.394679	1.900797
26.883827	2.381035
28.345776	4.668272
29.307812	7.270430
28.004030	3.988467
27.428846	3.060334
27.820367	3.664988
27.860703	3.733721
28.888366	5.993426
28.053049	4.079518
27.174745	2.722385
27.629481	3.356576
25.594176	1.314726
24.329541	0.734359
26.237597	1.768149
27.013666	2.527740
28.722967	5.553825
28.001011	3.982915
26.523426	2.016902
28.313444	4.599293
30.622380	13.319674
27.416591	3.043117
26.871203	2.367232
25.205507	1.099262
26.374200	1.882955
26.761055	2.250151
26.725621	2.213729
28.107687	4.183486
27.944694	3.880951
26.034317	1.610138
27.273491	2.849032
27.467738	3.115642
27.185541	2.735952
27.114442	2.647819
27.555245	3.243763
24.234185	0.702809
25.984213	1.573412
26.304258	1.823276
25.499433	1.258597
28.663190	5.403065
28.355139	4.688436
25.254029	1.124103
25.854387	1.482101
29.971708	9.870421
25.279220	1.137219
27.104705	2.635976
27.880328	3.767602
26.797530	2.288266
28.151801	4.269344
27.439022	3.074714
26.211985	1.747420
28.421238	4.833341
27.146258	2.686900
27.412247	3.037023
26.397523	1.903290
27.582055	3.284056
25.250307	1.122177
23.531712	0.508560
23.312800	0.459791
26.393119	1.899431
25.000632	1.000291
30.339167	11.690310
27.853477	3.721293
22.286806	0.286656
28.697645	5.489468
27.146634	2.687362
27.511702	3.179363
27.199034	2.752999
22.188719	0.273996
21.542786	0.203497
24.380359	0.751747
26.953294	2.458436
27.218236	2.777459
25.280271	1.137769
27.258316	2.829203
27.222853	2.783367
28.266188	4.500233
26.051673	1.623060
27.762494	3.568603
24.677029	0.861799
24.189982	0.688646
26.818708	2.310693
28.341502	4.659069
26.323048	1.839118
24.347789	0.740556
26.018340	1.598336
26.045589	1.618520
27.585221	3.288845
24.476776	0.785878
26.898452	2.397126
27.432860	3.066009
26.984994	2.494589
28.811149	5.784015
23.612758	0.527900
26.398877	1.904475
28.325755	4.625447
29.107642	6.630209
27.368833	2.976914
27.482873	3.137435
25.567772	1.298836
25.442433	1.225990
24.131807	0.670442
26.970417	2.477899
28.035341	4.046402
26.745933	2.234533
25.730623	1.399989
28.434123	4.862107
28.508892	5.032467
29.782589	9.047229
25.522627	1.272112
26.537845	2.030340
26.766257	2.255544
26.012042	1.593707
27.188405	2.739555
28.805678	5.769489
28.003788	3.988024
22.949105	0.388885
28.368200	4.716746
27.320350	2.911190
28.367331	4.714816
25.924823	1.530961
28.877153	5.962528
26.263806	1.789621
27.003007	2.515372
27.762010	3.567803
25.233663	1.113609
25.969304	1.562647
27.926644	3.848828
25.592462	1.313688
26.812448	2.304039
26.010535	1.592602
28.746633	5.614672
26.807864	2.299179
26.931601	2.434000
27.825528	3.673703
27.422267	3.051079
27.022897	2.538516
25.315300	1.156272
25.212324	1.102718
26.663006	2.150807
28.355544	4.689287
27.693874	3.457602
27.632482	3.361212
26.900288	2.399150
26.056113	1.626380
24.334570	0.736061
25.379872	1.191171
28.928934	6.106421
24.420202	0.765668
27.816698	3.658809
26.770812	2.260276
26.494527	1.990240
26.090111	1.652047
26.186270	1.726848
27.253728	2.823220
28.272584	4.513537
27.213089	2.770880
27.504592	3.168963
27.301685	2.886271
28.511259	5.037919
26.115332	1.671346
27.576460	3.275601
27.245418	2.812442
27.625854	3.350963
27.471148	3.120534
27.367996	2.975772
26.687983	2.175688
26.567550	2.058309
27.103129	2.634061
29.775502	9.017728
23.878691	0.596676
26.593153	2.082720
26.769825	2.259254
27.364032	2.970346
26.174216	1.717290
22.993828	0.396977
27.314084	2.902803
26.351168	1.863089
27.196503	2.749794
25.844504	1.475368
25.559293	1.293775
27.514768	3.183864
27.171539	2.718364
27.974167	3.933994
26.600141	2.089432
25.739499	1.405724
28.967757	6.216571
27.881068	3.768892
26.512545	2.006822
28.399666	4.785572
27.841693	3.701164
27.620806	3.343188
27.909807	3.819110
27.668220	3.416991
25.956645	1.553564
27.247231	2.814791
29.131968	6.704954
29.253413	7.090649
27.130817	2.667862
27.389092	3.004821
26.239870	1.770004
26.274886	1.798778
27.755767	3.557574
26.702506	2.190287
28.172358	4.309953
20.164586	0.107874
24.081812	0.655183
25.648180	1.347833
28.883463	5.979832
28.293802	4.557866
26.184565	1.725491
27.339604	2.937120
25.749613	1.412286
26.586032	2.075896
26.820669	2.312779
29.463354	7.810468
26.633096	2.121386
26.835074	2.328166
28.092366	4.154047
27.009974	2.523446
28.443274	4.882635
22.850399	0.371604
26.847813	2.341872
28.572447	5.181923
24.794840	0.909846
26.930508	2.432770
24.026038	0.638569
27.983736	3.951349
25.344716	1.172043
28.960564	6.196061
29.300206	7.245027
22.463956	0.311022
25.635654	1.340081
28.367838	4.715951
29.562744	8.176081
29.559772	8.164933
27.656920	3.399258
27.106343	2.637959
26.751433	2.240200
27.292561	2.874163
27.796339	3.624655
28.260596	4.488657
27.995496	3.972821
25.124753	1.059133
24.280342	0.717907
28.247289	4.461249
27.342718	2.941326
28.947431	6.158695
24.705983	0.873367
25.743269	1.408167
26.292887	1.813751
29.613027	8.367666
28.320264	4.613734
27.976000	3.937308
26.575273	2.065637
25.352678	1.176348
30.780509	14.324851
27.271976	2.847045
28.681989	5.449966
23.697375	0.548877
24.241166	0.705072
27.976134	3.937548
27.309637	2.896865
26.082655	1.646383
27.527110	3.202012
27.336051	2.932304
27.575878	3.274735
27.612646	3.330645
27.476575	3.128351
26.786107	2.276254
28.215854	4.397138
23.843378	0.587051
22.756096	0.355811
30.566265	12.979111
25.128616	1.061018
29.088810	6.572972
27.025285	2.541304
26.799220	2.290047
28.487870	4.983929
25.787241	1.436971
25.884162	1.502562
27.989839	3.962505
27.975158	3.935777
27.513833	3.182490
27.387789	3.003021
27.634238	3.363936
26.442291	1.942937
28.124732	4.216470
22.583657	0.328648
27.696486	3.461772
26.602248	2.091460
27.287925	2.868044
28.567037	5.168996
26.254231	1.781748
27.351783	2.953623
27.791727	3.616984
23.961549	0.619883
26.833404	2.326384
27.678294	3.432886
23.769324	0.567368
26.973234	2.481111
25.944366	1.544805
24.554362	0.814465
28.335086	4.645325
27.058137	2.580053
26.614081	2.102890
26.949736	2.454412
27.922663	3.841781
27.716870	3.494407
28.315605	4.603858
24.122132	0.667462
26.403450	1.908490
25.709739	1.386589
26.468114	1.966178
28.006762	3.993493
27.271615	2.846578
28.412296	4.813508
27.090874	2.619241
28.148146	4.262171
27.385392	2.999712
26.095128	1.655867
26.187920	1.728159
27.721214	3.501416
24.323364	0.732272
25.588913	1.311543
28.527305	5.075267
28.492816	4.995309
25.046780	1.021777
25.355404	1.177825
23.997644	0.630273
28.669388	5.418526
26.857665	2.352521
28.829649	5.833458
28.562781	5.158886
27.397832	3.016939
24.308947	0.727427
26.456873	1.956027
28.805461	5.768870
23.403286	0.479355
24.320202	0.731207
28.092048	4.153467
27.463909	3.110157
25.815354	1.455696
27.089973	2.618151
28.362010	4.703314
28.318209	4.609387
26.109090	1.666547
23.442415	0.488071
21.198098	0.173628
23.018123	0.401444
26.381229	1.889061
28.482838	4.972407
24.703416	0.872335
27.924010	3.844170
28.157615	4.280759
26.214933	1.749792
25.667886	1.360120
28.276817	4.522354
25.016084	1.007434
28.057902	4.088667
28.455403	4.910005
28.685413	5.458568
26.695290	2.183022
26.419213	1.922396
25.820081	1.458870
24.368215	0.747555
26.103307	1.662117
26.377396	1.885729
26.993561	2.504447
28.737464	5.591060
26.718620	2.206605
30.465047	12.388122
26.165913	1.710734
22.174091	0.272156
27.467949	3.115946
25.489950	1.253112
25.466418	1.239606
26.354494	1.865946
26.732218	2.220465
25.372700	1.187244
25.892749	1.508514
27.914441	3.827272
26.427465	1.929713
27.830492	3.682118
22.288335	0.286858
21.964882	0.247159
26.770163	2.259605
27.013804	2.527910
29.597704	8.308802
26.956205	2.461727
28.315099	4.602771
27.914823	3.827943
25.996175	1.582103
27.724240	3.506295
27.353366	2.955784
27.666889	3.414906
26.090941	1.652677
27.898982	3.800110
24.438098	0.772004
27.286667	2.866373
24.758954	0.894933
27.195280	2.748248
27.687145	3.446909
26.094199	1.655159
26.257188	1.784177
26.490685	1.986722
26.955146	2.460533
28.112716	4.193181
28.382081	4.746992
28.060683	4.093906
24.533859	0.806811
24.634629	0.845134
27.408428	3.031691
27.752392	3.552033
26.276908	1.800452
24.145634	0.674725
27.437032	3.071888
28.344475	4.665448
29.380312	7.517349
27.592657	3.300120
25.115014	1.054393
27.563732	3.256461
26.686329	2.174031
27.601705	3.313910
26.522142	2.015712
28.599307	5.246401
27.371250	2.980229
26.124579	1.678477
25.554662	1.291017
27.565945	3.259789
28.465528	4.932960
28.546491	5.120340
26.709136	2.196989
28.976562	6.241789
27.116995	2.650939
28.327987	4.630185
27.667611	3.416034
26.807594	2.298893
26.731624	2.219857
28.147890	4.261655
25.993055	1.579833
26.655035	2.142925
25.269057	1.131908
26.605830	2.094914
29.420052	7.656213
24.626640	0.842031
26.278606	1.801860
28.199850	4.364845
24.436236	0.771343
28.392109	4.768956
24.714409	0.876762
27.550424	3.236576
24.252713	0.708831
27.358471	2.962738
27.924973	3.845866
26.363193	1.873435
26.393381	1.899663
28.290469	4.550854
28.789001	5.725342
27.877143	3.762098
25.785910	1.436092
27.334092	2.929671
26.090313	1.652201
26.049687	1.621577
25.148282	1.070672
21.586559	0.207640
27.086073	2.613455
24.366081	0.746821
27.017265	2.531941
23.419792	0.483013
27.549696	3.235475
27.740743	3.533035
27.366391	2.973562
28.671462	5.423651
26.958826	2.464709
27.723799	3.505573
28.315053	4.602703
26.543733	2.035852
28.170303	4.305863
27.954980	3.899387
27.909744	3.818989
27.918057	3.833632
26.578386	2.068603
27.300004	2.884035
27.286818	2.866576
26.505376	2.000208
23.964094	0.620610
28.458811	4.917703
26.580311	2.070439
26.232044	1.763637
27.171812	2.718707
24.626760	0.842077
26.964175	2.470789
27.340588	2.938445
29.371635	7.487274
24.625863	0.841730
26.494966	1.990640
25.270462	1.132642
27.967566	3.922057
28.250037	4.466907
25.115944	1.054846
26.082814	1.646502
22.739924	0.353171
26.593271	2.082833
25.856607	1.483616
27.171603	2.718443
24.304822	0.726046
28.650773	5.372190
28.880090	5.970555
27.851674	3.718216
27.582910	3.285360
24.577806	0.823306
29.119544	6.666756
24.497572	0.793441
27.601896	3.314207
27.583226	3.285832
23.561588	0.515606
27.051523	2.572196
27.180934	2.730153
27.806644	3.641913
28.046078	4.066442
30.405240	12.051561
26.503800	1.998758
28.695064	5.482924
27.608691	3.324602
27.666965	3.415016
28.791924	5.733048
26.636698	2.124905
27.307344	2.893800
29.143351	6.740096
26.915683	2.416223
25.219094	1.106163
26.876900	2.373452
27.778120	3.594377
26.062504	1.631177
25.310491	1.153714
22.868603	0.374732
28.040759	4.056507
27.091418	2.619894
24.611339	0.836118
24.390021	0.755100
25.254560	1.124377
26.628109	2.116520
25.656915	1.353265
23.188118	0.434134
27.672258	3.423350
26.303876	1.822952
22.940286	0.387309
22.205940	0.276177
27.768650	3.578727
27.709774	3.483022
26.543134	2.035293
27.267865	2.841672
29.821215	9.209754
25.758310	1.417954
23.766220	0.566558
27.158674	2.702315
26.327814	1.843156
26.944002	2.447938
28.202086	4.369339
27.255443	2.825455
29.945064	9.750071
23.951769	0.617098
27.535514	3.214420
30.377527	11.899051
27.385842	3.000333
25.967379	1.561263
25.171658	1.082261
29.500132	7.943712
28.259612	4.486624
27.980740	3.945909
30.845941	14.763078
27.930059	3.854876
28.244441	4.455415
27.677897	3.432257
28.309799	4.591550
25.878244	1.498472
26.924018	2.425508
26.701657	2.189434
27.424067	3.053616
26.867497	2.363195
25.273868	1.134419
26.510662	2.005086
27.755657	3.557378
27.469014	3.117469
27.662782	3.408448
26.647136	2.135147
23.255682	0.447854
26.924408	2.425949
28.670664	5.421664
27.197110	2.750562
25.527486	1.274961
26.385931	1.893153
28.200864	4.366922
21.727532	0.221568
27.290975	2.872078
27.725041	3.507579
25.412065	1.208964
25.196125	1.094523
28.734042	5.582250
27.008454	2.521684
28.755672	5.638121
27.413439	3.038698
26.770679	2.260142
24.001794	0.631479
25.794202	1.441586
26.363055	1.873314
26.071310	1.637803
27.457845	3.101473
25.556919	1.292361
28.063087	4.098431
27.861081	3.734367
29.077796	6.539689
22.573793	0.327159
20.726237	0.139716
25.493471	1.255146
23.259918	0.448728
24.423325	0.766769
24.946788	0.975793
27.230255	2.792868
25.831078	1.466276
26.845945	2.339856
27.700344	3.467913
24.119075	0.666523
25.616514	1.328321
26.637301	2.125498
26.729374	2.217558
25.236099	1.114858
99.000000	99.000000
25.161993	1.077453
26.768562	2.257938
26.336164	1.850258
26.586968	2.076794
26.837961	2.331268
29.475609	7.854464
27.093865	2.622848
27.418221	3.045398
23.689218	0.546819
27.710011	3.483395
25.112583	1.053213
26.732186	2.220429
27.378022	2.989534
23.273630	0.451571
26.953655	2.458842
26.895008	2.393325
27.000078	2.511983
25.364888	1.182981
26.530854	2.023817
28.346178	4.669152
27.002718	2.515032
27.016910	2.531524
27.473657	3.124151
29.006584	6.328714
28.557363	5.146020
21.332647	0.184727
25.450898	1.230777
27.002203	2.514434
29.919259	9.634887
23.418401	0.482703
27.049262	2.569520
28.683570	5.454013
24.649645	0.850999
27.401732	3.022371
28.962191	6.200700
27.989345	3.961565
27.519666	3.191049
28.751367	5.626920
24.786655	0.906424
26.557368	2.048674
29.461832	7.804946
27.847180	3.710527
26.999667	2.511499
27.823990	3.671119
27.010465	2.524021
27.136193	2.674475
25.650992	1.349580
27.866013	3.742852
29.248185	7.073551
25.839917	1.472257
24.505255	0.796252
27.112313	2.645220
21.521457	0.201508
27.288631	2.868971
27.208032	2.764432
28.623756	5.305782
27.791329	3.616326
27.516917	3.187001
27.262068	2.834090
27.309938	2.897264
23.707106	0.551342
22.724327	0.350643
27.318052	2.908105
27.241132	2.806894
26.357878	1.868856
27.278907	2.856149
26.837259	2.330516
26.562250	2.053290
26.099576	1.659264
27.434372	3.068135
27.287211	2.867095
28.679316	5.443289
28.135596	4.237574
28.790604	5.729532
28.802286	5.760419
27.074720	2.599828
23.771454	0.567925
27.959397	3.907328
27.035139	2.552867
29.224701	6.997503
22.399006	0.301857
27.282624	2.861050
25.638233	1.341673
26.581005	2.071102
24.562784	0.817630
26.775454	2.265122
27.647925	3.385203
25.329783	1.164010
27.908494	3.816808
28.384530	4.752315
27.321823	2.913166
28.006658	3.993287
27.498232	3.159700
23.153167	0.427202
26.589711	2.079419
25.428204	1.217981
28.077425	4.125594
23.215478	0.439638
24.304425	0.725913
28.800954	5.756902
26.381969	1.889703
26.755358	2.244253
28.269271	4.506631
27.448268	3.087834
25.830212	1.465691
24.944633	0.974825
27.306181	2.892257
27.957360	3.903647
25.380516	1.191525
23.373710	0.472870
29.645514	8.493976
27.184314	2.734403
22.963515	0.391474
29.477420	7.861142
28.966290	6.212304
26.224647	1.757636
24.443378	0.773883
27.510846	3.178110
28.877153	5.962528
28.299479	4.569770
24.309048	0.727461
27.205215	2.760858
24.400469	0.758742
27.650753	3.389609
24.146754	0.675073
25.234211	1.113890
28.117652	4.202699
27.088828	2.616774
26.675941	2.163653
27.670936	3.421266
25.574913	1.303114
26.019750	1.599374
26.608086	2.097090
27.080245	2.606448
27.075909	2.601244
28.605060	5.260301
27.887395	3.779886
27.721067	3.501177
24.142684	0.673809
28.621863	5.301175
28.154595	4.274825
26.806848	2.298102
28.402704	4.792251
26.847402	2.341425
27.834533	3.688976
24.375872	0.750195
26.399381	1.904917
27.583672	3.286510
28.017323	4.012980
27.116774	2.650666
25.691328	1.374883
25.404655	1.204845
28.034027	4.043942
28.006641	3.993271
25.742976	1.407977
28.168694	4.302670
27.913742	3.826036
21.388262	0.189519
26.305530	1.824340
28.454618	4.908239
27.439063	3.074773
28.314018	4.600478
24.657981	0.854272
27.728600	3.513343
24.926700	0.966807
28.207426	4.380120
26.585326	2.075223
28.020949	4.019648
27.693537	3.457065
27.375521	2.986108
29.087310	6.568470
27.274999	2.851025
23.807407	0.577406
28.012839	4.004667
24.102582	0.661480
29.064871	6.500887
23.280118	0.452922
26.767677	2.257020
27.627587	3.353649
26.463565	1.962061
28.422126	4.835332
24.569442	0.820141
23.436484	0.486740
27.268312	2.842253
24.843652	0.930530
22.428785	0.306025
28.783959	5.712095
28.755810	5.638424
27.147646	2.688618
23.157659	0.428087
24.729539	0.882893
28.753913	5.633565
21.911425	0.241149
25.787999	1.437475
28.624276	5.307055
27.854665	3.723344
27.962285	3.912531
28.452710	4.903903
28.800126	5.754769
25.578122	1.305041
27.104139	2.635290
26.880570	2.377469
27.995513	3.972868
26.762314	2.251455
28.255293	4.477714
27.365346	2.972139
28.971708	6.227950
25.819850	1.458714
22.505021	0.316960
27.329535	2.923530
27.895038	3.793209
21.494616	0.199032
27.843181	3.703690
28.976182	6.240731
27.498622	3.160266
25.949970	1.548795
22.248607	0.281657
26.720451	2.208466
21.586733	0.207657
29.801323	9.125583
24.388968	0.754733
28.184548	4.334191
26.326830	1.842321
25.720756	1.393641
28.120590	4.208402
26.959064	2.464974
25.998946	1.584124
27.966965	3.920962
30.498207	12.578481
28.212877	4.391096
27.920501	3.837956
27.314816	2.903775
26.378849	1.886989
24.984848	0.993047
27.980216	3.944955
28.411441	4.811594
25.763875	1.421593
25.934827	1.538033
20.475605	0.124486
26.108906	1.666407
27.572019	3.268909
27.063528	2.586459
28.105903	4.180022
22.681883	0.343856
25.328799	1.163483
25.086905	1.040833
25.323800	1.160807
27.605515	3.319741
25.916998	1.525456
20.915505	0.152441
24.024214	0.638033
26.121793	1.676325
22.900029	0.380194
24.787828	0.906913
25.636162	1.340394
22.444613	0.308264
22.657875	0.340075
28.805931	5.770102
27.454497	3.096711
28.372411	4.725896
26.077531	1.642504
27.571752	3.268511
27.935818	3.865129
26.872371	2.368503
28.566834	5.168537
27.966314	3.919796
28.358006	4.694642
24.903469	0.956520
29.309535	7.276260
25.271537	1.133202
26.252123	1.780020
26.369353	1.878757
27.825015	3.672832
19.740231	0.088725
28.322485	4.618446
24.348705	0.740868
28.216421	4.398313
27.800755	3.632043
26.570977	2.061557
26.584335	2.074276
27.690323	3.451961
22.008516	0.252176
26.020867	1.600196
25.211582	1.102342
26.145653	1.694845
28.162201	4.289842
27.854725	3.723440
27.524042	3.197485
26.448205	1.948235
23.210935	0.438720
27.618976	3.340378
27.033160	2.550539
24.451381	0.776741
28.347552	4.672095
27.513767	3.182378
27.116431	2.650250
27.821243	3.666478
27.747786	3.544519
25.039080	1.018160
29.394268	7.565770
28.076631	4.124090
26.017200	1.597496
25.581472	1.307057
26.706597	2.194420
22.319737	0.291036
27.126737	2.662847
27.348057	2.948575
27.138035	2.676745
26.090168	1.652089
25.825704	1.462651
28.288650	4.547058
27.653401	3.393739
22.851439	0.371781
28.150357	4.266510
27.022897	2.538516
27.739537	3.531084
25.870340	1.493028
26.187968	1.728198
25.156595	1.074779
25.826526	1.463205
21.835847	0.232900
22.953531	0.389678
27.203437	2.758593
27.082098	2.608675
28.673796	5.429485
24.645289	0.849293
26.800137	2.291011
28.394952	4.775191
27.700266	3.467783
25.258532	1.126435
25.769430	1.425232
27.057148	2.578872
22.019026	0.253399
19.974089	0.098814
27.694043	3.457876
28.818548	5.803793
27.071642	2.596135
26.557760	2.049048
28.075615	4.122156
25.428508	1.218153
27.908762	3.817273
27.629628	3.356805
26.456819	1.955976
28.676970	5.437454
26.563491	2.054465
27.334390	2.930073
27.887829	3.780655
25.812932	1.454074
28.672261	5.425640
24.532295	0.806230
28.446254	4.889340
27.923865	3.843910
28.152989	4.271664
27.264853	2.837722
27.417145	3.043890
26.953530	2.458699
28.361242	4.701623
27.088040	2.615820
25.469877	1.241582
27.978257	3.941403
28.670696	5.421794
26.344117	1.857051
25.830777	1.466073
26.697818	2.185565
26.128667	1.681641
26.083176	1.646778
28.352731	4.683248
23.684928	0.545740
25.012645	1.005841
24.807256	0.915064
26.700227	2.187992
26.143282	1.692997
23.192193	0.434949
26.879423	2.376212
28.443325	4.882748
27.675393	3.428288
23.497454	0.500600
27.534964	3.213609
27.883013	3.772277
26.057788	1.627639
24.420446	0.765754
25.502243	1.260227
25.676153	1.365308
27.895319	3.793702
25.466388	1.239588
28.063379	4.098978
27.664474	3.411110
24.864333	0.939435
27.633796	3.363245
28.521225	5.061091
27.138915	2.677832
27.472904	3.123070
25.648795	1.348215
25.752282	1.414022
28.155985	4.277574
25.610273	1.324509
23.217022	0.439951
25.334220	1.166390
28.370812	4.722419
26.749147	2.237842
27.495698	3.156021
26.408627	1.913044
28.219934	4.405388
27.522500	3.195224
27.116606	2.650460
29.172951	6.832586
26.999235	2.510999
26.760280	2.249345
23.245455	0.445750
27.726056	3.509224
28.148481	4.262816
22.419424	0.304709
27.117560	2.651622
26.517155	2.011090
25.340190	1.169602
27.780141	3.597737
24.919106	0.963433
28.303226	4.577649
28.256621	4.480487
27.358290	2.962498
26.394765	1.900872
28.436590	4.867646
23.306696	0.458500
27.232518	2.795781
26.720096	2.208105
22.682608	0.343971
28.306667	4.584948
27.964448	3.916406
22.123861	0.265933
27.182951	2.732690
25.471054	1.242256
24.609165	0.835282
22.167161	0.271289
27.446903	3.085895
26.795202	2.285814
26.862621	2.357898
26.208949	1.744980
24.025549	0.638425
27.486555	3.142761
23.042539	0.405983
27.064778	2.587945
26.016790	1.597194
26.539977	2.032333
23.172845	0.431091
28.083447	4.137040
19.186117	0.068742
26.967707	2.474809
27.563364	3.255907
29.702190	8.718531
27.990112	3.962967
26.758359	2.247353
24.380313	0.751731
25.773768	1.428083
26.524849	2.018224
27.836959	3.693095
28.921148	6.084521
25.495764	1.256471
28.451145	4.900367
28.435485	4.865130
27.111622	2.644390
21.904010	0.240327
22.748307	0.354537
27.559079	3.249493
25.582985	1.307968
27.600513	3.312095
26.658571	2.146418
26.884505	2.381772
26.146189	1.695266
27.959977	3.908363
26.469668	1.967585
28.295699	4.561838
99.000000	99.000000
27.659784	3.403754
23.308507	0.458882
26.261351	1.787601
29.904841	9.570997
27.111531	2.644273
28.434098	4.862040
26.936746	2.439776
26.564330	2.055259
24.935632	0.970792
27.959795	3.908058
27.069968	2.594140
28.265573	4.498978
24.634872	0.845229
25.832999	1.467573
23.893493	0.600757
26.735461	2.223781
24.568397	0.819746
24.082010	0.655242
30.669016	13.608333
27.692434	3.455312
26.873859	2.370126
22.759301	0.356336
26.097038	1.657324
24.776607	0.902239
26.961878	2.468173
28.291077	4.552136
26.755150	2.244035
28.197494	4.360138
27.705685	3.476445
26.830880	2.323677
25.624933	1.333480
28.127399	4.221618
22.117452	0.265149
25.329637	1.163931
25.529800	1.276322
27.481441	3.135366
28.641537	5.349435
24.854920	0.935371
28.272739	4.513835
26.396760	1.902619
23.989265	0.627846
25.855876	1.483117
25.012386	1.005720
26.836110	2.329282
23.731808	0.557650
28.582964	5.207093
26.654795	2.142687
27.414181	3.039741
27.155507	2.698376
26.379653	1.887690
27.496639	3.157382
19.763437	0.089678
23.715436	0.553461
28.007767	3.995355
25.163455	1.078180
25.362722	1.181801
28.490786	4.990660
27.230864	2.793649
26.789995	2.280339
26.624588	2.113089
26.764932	2.254170
29.952521	9.783766
27.333226	2.928492
26.588557	2.078315
24.192832	0.689551
26.554092	2.045585
23.954541	0.617886
24.924874	0.965994
26.340969	1.854360
27.398118	3.017344
28.159009	4.283523
26.783533	2.273563
28.635094	5.333542
27.526809	3.201566
26.742950	2.231464
27.850264	3.715806
26.728605	2.216775
27.684337	3.442436
28.726154	5.562011
29.110509	6.638928
29.725548	8.812675
28.740285	5.598301
23.077218	0.412519
22.510821	0.317808
27.974116	3.933904
26.312123	1.829887
27.467317	3.115035
30.493408	12.551355
27.309783	2.897052
26.563977	2.054925
27.954105	3.897827
27.041882	2.560803
24.898385	0.954282
28.980588	6.253402
26.987456	2.497415
27.304955	2.890616
28.728878	5.569005
26.497783	1.993226
24.902279	0.955995
25.131085	1.062226
26.858314	2.353225
24.529758	0.805288
24.813677	0.917774
25.439238	1.224186
23.059769	0.409217
27.583613	3.286409
25.802626	1.447189
27.123577	2.658984
27.859296	3.731295
28.276728	4.522147
26.328098	1.843401
26.317776	1.834657
24.737313	0.886059
27.459465	3.103792
26.395220	1.901272
29.085532	6.563017
27.669272	3.418657
25.288414	1.142043
29.038534	6.422555
27.415988	3.042269
25.043893	1.020419
24.352140	0.742041
25.190331	1.091607
28.642656	5.352173
21.836767	0.232999
26.128197	1.681276
23.233432	0.443288
24.309766	0.727701
28.932665	6.116927
30.020385	10.094049
25.608358	1.323340
29.131626	6.703834
28.769357	5.673770
22.091960	0.262055
25.363767	1.182370
27.931448	3.857368
27.116812	2.650717
27.356938	2.960661
26.998968	2.510691
27.751776	3.551038
26.363105	1.873361
24.648993	0.850743
28.071583	4.114491
26.269077	1.793972
32.484905	31.402367
27.785975	3.607399
25.639798	1.342641
27.516200	3.185954
27.686681	3.446160
28.011099	4.001473
25.336895	1.167828
25.618316	1.329423
26.731287	2.219513
26.590101	2.079793
27.613887	3.332556
28.570582	5.177456
26.150259	1.698446
25.267772	1.131240
27.514273	3.183132
26.540610	2.032930
27.039812	2.558367
25.542069	1.283553
28.735464	5.585915
28.186324	4.337749
26.553483	2.045016
23.331614	0.463791
26.843599	2.337331
27.880529	3.767942
28.110275	4.188485
28.271235	4.510743
28.683409	5.453588
26.728882	2.217056
24.863371	0.939019
26.656676	2.144544
27.685985	3.445067
27.941217	3.874741
28.615656	5.286018
26.861596	2.356777
26.134810	1.686408
27.424007	3.053529
25.818626	1.457892
27.824620	3.672182
28.275596	4.519785
27.304230	2.889653
29.011073	6.341779
27.605491	3.319701
27.485848	3.141740
28.024287	4.025851
27.573668	3.271404
27.577824	3.277666
24.097816	0.660029
27.311069	2.898762
29.146414	6.749658
26.872621	2.368779
27.825513	3.673707
25.162826	1.077867
23.817194	0.580015
26.797763	2.288511
28.320888	4.615088
27.981551	3.947380
26.819108	2.311117
27.195091	2.748012
26.846938	2.340923
26.607885	2.096896
27.613453	3.331890
28.104576	4.177498
26.878614	2.375322
25.696869	1.378395
26.368675	1.878170
27.916989	3.831770
27.308053	2.894744
25.891260	1.507481
26.409824	1.914103
27.993647	3.969432
28.228183	4.422207
28.695031	5.482850
26.717617	2.205583
28.235640	4.437384
26.623934	2.112454
27.673710	3.425653
27.319982	2.910687
28.286497	4.542549
26.955435	2.460861
27.180611	2.729749
27.782406	3.601476
25.961932	1.557351
23.345319	0.466728
26.783601	2.273632
24.442743	0.773657
27.966415	3.919958
29.149038	6.757866
28.589815	5.223547
26.820884	2.313007
31.311185	18.290398
25.454236	1.232671
27.849455	3.714418
26.452226	1.951845
28.147791	4.261468
28.141010	4.248164
26.970731	2.478252
28.412120	4.813098
26.556138	2.047516
26.565124	2.056006
28.216820	4.399118
25.786324	1.436365
28.453625	4.905940
27.857136	3.727577
26.827438	2.319999
27.326015	2.918794
25.016217	1.007496
24.484028	0.788507
26.628070	2.116476
29.002028	6.315491
28.466929	4.936139
25.875488	1.496572
25.963318	1.558344
28.179603	4.324351
28.983607	6.262147
26.991534	2.502116
