#	mag	magerr
26.933036	2.435612
24.750846	0.891598
26.528854	2.021950
25.264341	1.129453
25.301394	1.148890
27.396627	3.015265
25.885926	1.503784
25.938563	1.540680
26.162816	1.708295
26.196606	1.735086
26.991989	2.502640
27.084813	2.611939
27.955079	3.899561
25.372435	1.187099
26.594897	2.084391
31.649882	21.380256
28.489597	4.987934
28.731676	5.576133
25.356592	1.178469
28.477642	4.960531
27.033089	2.550458
27.341760	2.940029
29.961705	9.825176
25.962636	1.557855
28.580582	5.201309
26.086112	1.649005
30.647515	13.474401
27.182092	2.731603
25.646117	1.346552
27.119899	2.654479
28.156203	4.277978
27.256579	2.826935
28.470347	4.943881
27.049083	2.569314
26.717083	2.205044
28.029225	4.035005
27.246930	2.814399
25.611207	1.325078
26.471734	1.969459
27.033118	2.550492
32.132356	26.702067
99.000000	99.000000
25.599525	1.317969
26.381171	1.889010
27.684890	3.443326
28.417213	4.824415
28.271987	4.512298
24.935038	0.970527
27.170168	2.716653
27.710551	3.484254
27.746586	3.542575
27.984262	3.952310
28.195721	4.356552
24.011104	0.634192
26.740898	2.229357
26.226160	1.758863
99.000000	99.000000
27.539256	3.219971
26.975268	2.483437
27.163545	2.708378
28.128948	4.224648
31.198136	17.363280
26.727949	2.216104
32.917132	38.306902
27.344721	2.944052
26.994515	2.505543
25.637528	1.341237
29.828979	9.242696
28.977451	6.244405
27.816364	3.658231
25.898193	1.512303
26.524058	2.017490
26.421124	1.924088
26.853143	2.347622
27.859386	3.731454
25.970846	1.563757
28.391368	4.767295
25.995401	1.581540
26.462299	1.960921
26.886410	2.383869
27.303677	2.888917
27.334418	2.930105
27.548424	3.233589
25.572517	1.301678
27.611165	3.328378
26.732036	2.220276
25.311839	1.154430
29.465210	7.817049
26.864797	2.360259
26.523373	2.016857
28.106396	4.180995
27.589551	3.295429
27.059851	2.582083
27.854680	3.723368
26.671660	2.159395
27.483792	3.138763
27.905209	3.811029
31.527971	20.211601
27.756510	3.558791
29.793934	9.094789
27.864706	3.740587
29.411937	7.627647
99.000000	99.000000
27.108498	2.640580
26.962242	2.468586
28.105447	4.179178
26.384143	1.891593
27.895569	3.794130
25.402703	1.203761
29.741945	8.879445
27.403023	3.024153
27.073283	2.598110
25.881540	1.500749
26.848504	2.342611
28.750301	5.624217
99.000000	99.000000
27.769763	3.580577
25.891038	1.507327
26.951451	2.456350
27.608283	3.323971
25.180517	1.086685
26.553742	2.045261
27.390288	3.006481
24.600818	0.832077
28.208302	4.381886
27.896539	3.795833
31.253534	17.810914
99.000000	99.000000
28.100830	4.170296
27.397407	3.016341
25.234815	1.114200
27.074742	2.599854
26.647562	2.135560
28.243794	4.454093
28.407803	4.803526
27.278402	2.855482
99.000000	99.000000
25.842265	1.473848
27.463615	3.109730
26.577564	2.067820
26.095741	1.656334
27.566557	3.260701
27.616386	3.336395
26.827999	2.320601
26.987964	2.497997
25.561833	1.295290
26.198510	1.736608
28.291279	4.552550
26.634318	2.122581
27.808950	3.645777
29.006628	6.328887
26.985575	2.495259
26.054809	1.625407
23.796718	0.574571
25.132507	1.062922
26.966053	2.472924
28.288582	4.546900
26.279290	1.802427
99.000000	99.000000
28.062303	4.096967
27.751242	3.550175
26.919925	2.420947
27.318741	2.909029
28.241406	4.449176
28.639365	5.344110
27.690750	3.452639
28.317701	4.608295
29.970968	9.867296
28.036800	4.049120
31.060876	16.299947
24.402536	0.759464
25.424757	1.216049
26.494626	1.990330
27.923544	3.843351
28.571077	5.178663
25.591456	1.313080
26.726681	2.214806
26.842603	2.336257
25.377378	1.189804
25.498812	1.258237
31.258368	17.850223
27.881855	3.770260
28.360402	4.699799
28.961189	6.197787
27.867977	3.746232
25.742496	1.407664
26.821006	2.313133
23.251389	0.446969
25.966421	1.560573
28.488895	4.986325
26.688985	2.176694
25.108529	1.051249
26.824433	2.316785
26.166530	1.711222
27.442569	3.079739
29.226084	7.001863
25.042030	1.019544
26.333487	1.847980
25.189920	1.091400
24.912838	0.960656
28.603139	5.255642
27.133207	2.670804
29.687192	8.658295
28.422152	4.835375
27.703470	3.472917
28.025273	4.027691
29.727996	8.822604
28.636330	5.336599
25.996445	1.582300
28.692065	5.475327
26.912208	2.412356
30.404767	12.048635
24.898992	0.954549
27.881284	3.769258
28.688685	5.466886
24.690842	0.867298
24.650635	0.851387
28.254814	4.476722
22.100103	0.263039
31.696004	21.837387
27.189685	2.741179
26.477409	1.974613
24.185596	0.687257
27.497928	3.159266
26.919130	2.420053
27.616749	3.336952
26.407420	1.911982
26.342479	1.855648
28.244829	4.456214
26.687166	2.174865
24.586385	0.826565
26.592075	2.081685
27.586561	3.290880
27.026850	2.543139
26.556088	2.047468
32.336985	29.333907
26.034840	1.610528
26.227481	1.759932
29.145721	6.747496
27.258655	2.829638
28.835799	5.850068
27.669437	3.418908
27.256874	2.827327
27.880421	3.767766
24.954112	0.979090
27.814985	3.655925
28.473350	4.950760
26.250191	1.778434
27.935688	3.864891
99.000000	99.000000
27.716923	3.494493
26.719636	2.207637
27.702279	3.471013
27.526731	3.201449
27.273403	2.848922
28.711905	5.525586
27.686114	3.445262
29.410106	7.621246
99.000000	99.000000
25.195066	1.093989
27.469109	3.117606
27.042388	2.561399
28.014774	4.008242
26.752295	2.241084
25.915713	1.524554
28.967589	6.216074
26.895057	2.393377
26.535006	2.027687
26.568931	2.059613
26.233278	1.764639
25.951215	1.549684
27.648373	3.385901
29.015623	6.355089
30.078909	10.370040
26.503033	1.998052
27.748987	3.546480
24.541224	0.809552
26.503085	1.998096
25.881408	1.500659
27.511669	3.179307
24.127746	0.669190
27.439196	3.074953
27.748263	3.545299
26.453062	1.952598
27.646619	3.383172
26.854239	2.348806
26.323944	1.839879
29.089326	6.574541
30.794412	14.417169
26.364043	1.874168
27.090673	2.618996
99.000000	99.000000
27.805262	3.639599
27.549582	3.235325
25.519135	1.270067
27.270384	2.844963
26.434947	1.936374
27.727783	3.512020
24.017766	0.636141
25.949592	1.548525
99.000000	99.000000
26.274654	1.798585
28.551570	5.132283
27.783026	3.602507
26.092336	1.653740
27.251765	2.820675
25.509567	1.264484
25.679286	1.367278
26.034055	1.609944
27.413870	3.039296
27.214140	2.772218
25.759605	1.418799
28.351707	4.681026
27.244044	2.810665
27.321133	2.912237
23.639544	0.534452
28.279084	4.527073
31.587685	20.776435
28.144130	4.254271
28.343153	4.662638
28.815589	5.795861
28.084377	4.138802
26.997969	2.509541
28.471249	4.945962
26.259354	1.785956
27.986112	3.955686
28.141010	4.248164
27.241543	2.807428
27.890657	3.785572
26.204215	1.741178
25.744215	1.408780
28.318070	4.609075
29.690779	8.672584
28.011517	4.002243
30.353356	11.767516
28.609425	5.270906
99.000000	99.000000
27.221256	2.781318
26.831877	2.324742
27.034899	2.552582
25.507257	1.263140
26.172878	1.716233
26.245148	1.774310
28.132753	4.232045
27.789513	3.613286
27.986027	3.955549
28.075283	4.121507
24.885345	0.948569
25.723888	1.395653
28.147535	4.260952
28.134758	4.235973
25.899020	1.512879
99.000000	99.000000
26.646072	2.134095
29.877925	9.453172
25.744320	1.408848
27.103928	2.635028
26.451714	1.951385
26.344615	1.857475
27.187786	2.738781
27.712147	3.486827
28.619547	5.295513
26.932077	2.434534
26.978151	2.486739
28.397431	4.780642
29.041404	6.431118
28.097136	4.163218
28.573468	5.184352
27.933356	3.860724
27.131675	2.668918
28.458391	4.916767
26.338039	1.851858
28.623695	5.305681
29.866728	9.404918
26.578781	2.068979
27.208306	2.764785
99.000000	99.000000
28.261318	4.490171
28.587536	5.218041
27.127245	2.663484
27.881716	3.770019
28.133434	4.233373
28.849748	5.887787
27.716578	3.493933
26.941176	2.444753
27.576786	3.276102
28.682279	5.450770
26.611879	2.100757
27.528826	3.204539
25.257402	1.125850
26.366632	1.876403
26.490839	1.986862
27.540382	3.221632
25.251003	1.122537
28.313283	4.598930
27.210549	2.767646
26.551500	2.043147
27.400791	3.021055
28.923482	6.091122
27.780071	3.597621
24.282485	0.718616
28.753500	5.632467
27.099234	2.629343
28.008148	3.996040
27.468476	3.116702
27.131536	2.668746
27.335584	2.931680
27.093679	2.622624
27.288524	2.868827
27.818735	3.662232
26.695693	2.183424
25.105888	1.049971
27.803236	3.636199
26.618936	2.107593
26.523002	2.016509
27.323714	2.915701
24.806090	0.914572
31.348883	18.612747
25.099534	1.046904
29.322488	7.319760
27.216922	2.775771
29.070945	6.519082
26.301728	1.821150
27.869624	3.749093
24.456659	0.778631
25.650620	1.349349
28.160823	4.287122
27.334633	2.930401
24.482563	0.787975
27.659973	3.404044
28.202605	4.370394
24.822330	0.921438
27.044434	2.563819
27.209037	2.765713
27.855192	3.724236
26.304342	1.823342
27.897901	3.798231
25.949673	1.548585
27.183868	2.733847
23.204086	0.437338
99.000000	99.000000
27.196659	2.749992
28.289705	4.549266
29.268917	7.141422
25.714052	1.389346
28.418477	4.827193
27.372080	2.981370
29.536924	8.079509
27.576728	3.276012
26.029747	1.606754
30.242682	11.182694
26.955856	2.461343
29.573466	8.216716
27.611659	3.329137
25.281031	1.138168
26.980463	2.489388
22.447309	0.308647
28.612657	5.278736
26.191320	1.730866
27.781182	3.599451
25.377164	1.189687
25.879232	1.499155
28.650209	5.370843
25.523311	1.272513
26.416928	1.920372
26.277443	1.800898
27.438150	3.073482
25.888916	1.505854
24.377650	0.750810
27.550719	3.237017
28.807378	5.774029
27.670237	3.420176
25.057123	1.026655
27.749260	3.546920
28.944839	6.151355
99.000000	99.000000
25.831017	1.466235
24.784173	0.905387
27.714592	3.490751
28.242180	4.450783
28.419718	4.829935
29.127875	6.692315
25.952614	1.550683
27.605862	3.320262
18.977857	0.062456
29.247859	7.072529
26.778919	2.268733
28.190581	4.346254
28.744786	5.609945
29.264827	7.127985
29.008979	6.335742
25.458101	1.234868
28.290987	4.551966
29.883469	9.477410
25.640041	1.342790
31.852210	23.466410
28.295134	4.560672
27.595166	3.303947
27.618370	3.339441
25.660941	1.355778
25.787330	1.437032
29.355444	7.431791
27.876528	3.761001
28.645678	5.359646
27.971465	3.929094
27.132309	2.669701
27.153493	2.695868
25.186347	1.089606
27.971901	3.929869
27.859734	3.732050
99.000000	99.000000
27.170448	2.717000
30.370173	11.858951
28.994003	6.292224
29.035716	6.414178
28.316549	4.605868
28.039027	4.053279
29.192592	6.894799
26.656901	2.144767
27.680163	3.435840
28.723235	5.554517
26.160676	1.706615
27.228207	2.790237
25.304798	1.150694
24.777094	0.902441
27.814448	3.655026
25.949098	1.548172
27.614744	3.333863
24.880963	0.946657
25.904933	1.517005
28.743966	5.607818
25.927555	1.532891
25.833394	1.467840
28.897885	6.019713
26.722794	2.210847
24.265768	0.713105
28.095819	4.160683
27.393443	3.010851
27.280671	2.858472
28.617357	5.290216
25.789393	1.438395
27.779537	3.596719
27.632004	3.360477
27.905035	3.810726
28.022283	4.022147
27.407939	3.031015
27.726418	3.509812
26.584643	2.074573
27.648447	3.386019
28.178426	4.322001
27.514229	3.183063
99.000000	99.000000
30.195004	10.939445
27.754669	3.555770
26.926391	2.428160
27.625988	3.351186
26.405540	1.910328
28.156760	4.279109
27.516542	3.186469
26.460993	1.959743
26.728285	2.216446
27.856066	3.725750
28.221642	4.408883
29.935302	9.706331
28.790461	5.729141
25.474800	1.244400
26.459935	1.958788
27.766428	3.575077
26.964553	2.471215
24.837290	0.927808
26.409653	1.913951
99.000000	99.000000
27.155365	2.698190
27.890393	3.785108
30.638876	13.420209
26.572719	2.063214
28.915335	6.068346
26.017339	1.597601
28.565733	5.165937
27.122311	2.657439
28.083094	4.136346
29.525222	8.036099
25.615866	1.327924
28.118304	4.203987
99.000000	99.000000
28.570553	5.177371
27.212897	2.770636
29.710475	8.751838
25.690491	1.374352
28.869959	5.942822
27.132874	2.670391
28.564025	5.161840
28.117825	4.203049
27.491844	3.150426
26.570627	2.061223
27.410965	3.035239
25.728682	1.398738
26.108002	1.665713
27.760822	3.565859
28.847230	5.880888
26.618039	2.106728
28.267949	4.503925
99.000000	99.000000
30.959862	15.557976
27.400959	3.021287
25.912397	1.522226
28.053482	4.080332
26.945154	2.449241
27.843047	3.703480
30.333248	11.658421
28.254205	4.475513
27.757899	3.561054
24.728193	0.882345
25.681283	1.368539
31.809995	23.013242
99.000000	99.000000
99.000000	99.000000
27.107484	2.639355
27.779579	3.596794
25.988906	1.576816
26.877426	2.374021
27.304692	2.890275
27.997108	3.975752
28.432841	4.859248
25.652916	1.350776
27.750271	3.548588
99.000000	99.000000
99.000000	99.000000
27.518826	3.189823
27.601228	3.313179
27.876451	3.760891
27.013416	2.527453
99.000000	99.000000
27.024528	2.540417
99.000000	99.000000
29.938991	9.723199
29.694460	8.687321
26.170122	1.714052
28.156223	4.278056
99.000000	99.000000
26.219861	1.753769
27.787983	3.610740
28.045414	4.065211
27.138642	2.677489
27.021603	2.536999
34.308845	72.682540
27.079567	2.605635
28.662461	5.401219
30.372619	11.872304
28.322577	4.618670
27.903003	3.807152
27.560789	3.252054
29.560423	8.167300
99.000000	99.000000
25.187947	1.090409
31.422395	19.253150
29.628648	8.428257
28.426170	4.844316
24.248452	0.707441
29.272355	7.152717
27.879959	3.766957
26.093637	1.654729
23.898676	0.602192
27.450714	3.091310
27.605946	3.320386
25.491598	1.254064
26.272027	1.796410
25.298871	1.147557
27.531169	3.207996
28.134933	4.236316
99.000000	99.000000
24.035392	0.641326
28.937347	6.130172
28.505762	5.025177
25.888908	1.505848
99.000000	99.000000
25.466056	1.239400
33.707010	55.139818
99.000000	99.000000
30.301113	11.487068
28.143521	4.253080
99.000000	99.000000
29.704007	8.725674
27.938872	3.870577
24.387549	0.754240
29.745375	8.893538
28.362250	4.703801
25.775175	1.429010
30.009268	10.042562
28.148501	4.262857
25.927312	1.532718
27.724200	3.506239
28.629825	5.320632
24.941367	0.973359
30.305276	11.509339
28.108258	4.184580
99.000000	99.000000
27.949940	3.890349
27.477202	3.129257
27.205273	2.760921
28.097587	4.164066
26.064841	1.632934
29.213541	6.961617
27.003110	2.515484
27.410915	3.035172
26.321045	1.837423
99.000000	99.000000
28.542769	5.111567
25.897607	1.511894
29.253631	7.091321
99.000000	99.000000
25.624182	1.333018
25.377578	1.189914
26.204561	1.741453
25.695997	1.377841
27.971699	3.929527
28.770756	5.677379
27.478351	3.130913
26.189467	1.729393
28.460125	4.920678
26.808547	2.299902
33.080256	41.320819
28.651714	5.374592
27.693199	3.456517
28.009953	3.999376
28.526215	5.072772
27.716605	3.493981
26.994202	2.505190
26.688198	2.175903
30.372007	11.868855
28.383574	4.750209
28.515899	5.048710
99.000000	99.000000
27.852109	3.718960
28.427037	4.846235
29.099369	6.604965
26.357560	1.868583
26.959816	2.465832
23.866119	0.593231
27.666396	3.414111
28.037156	4.049776
29.787488	9.067588
29.211754	6.955777
25.647415	1.347357
30.994850	15.810500
99.000000	99.000000
30.721959	13.944390
27.930592	3.855830
99.000000	99.000000
26.229828	1.761834
29.010898	6.341282
27.492308	3.151096
28.272540	4.513435
26.904358	2.403654
99.000000	99.000000
28.509030	5.032750
26.775292	2.264949
32.747717	35.435930
26.503284	1.998283
26.336740	1.850750
29.010461	6.340100
28.772892	5.682976
27.033824	2.551312
25.961343	1.556927
26.478616	1.975713
27.141456	2.680965
27.322284	2.913783
99.000000	99.000000
28.450936	4.899930
29.196211	6.906277
28.190602	4.346298
30.751707	14.136890
99.000000	99.000000
29.195642	6.904419
28.354566	4.687172
29.728503	8.824858
29.077146	6.537699
27.842437	3.702440
29.094831	6.591276
99.000000	99.000000
27.030853	2.547832
99.000000	99.000000
99.000000	99.000000
27.236208	2.800536
27.351129	2.952745
28.365498	4.710881
33.992199	62.837945
26.415571	1.919175
28.092760	4.154810
29.104258	6.619878
27.816655	3.658742
99.000000	99.000000
99.000000	99.000000
28.113499	4.194711
25.119682	1.056663
25.653407	1.351081
27.989754	3.962320
24.888761	0.950063
25.107803	1.050898
27.507999	3.173947
28.226571	4.418886
25.653221	1.350964
99.000000	99.000000
27.372959	2.982582
27.341526	2.939714
29.809036	9.158266
27.915348	3.828842
27.100872	2.631318
30.776062	14.295320
26.516330	2.010326
28.718923	5.543499
26.979703	2.488519
29.012733	6.346653
30.137067	10.651690
26.732507	2.220756
25.901281	1.514455
26.554264	2.045751
27.076078	2.601446
99.000000	99.000000
99.000000	99.000000
26.775175	2.264828
28.399244	4.784648
26.368755	1.878239
26.093712	1.654788
99.000000	99.000000
29.055278	6.472311
28.659614	5.394117
27.670847	3.421126
27.593473	3.301370
27.613767	3.332375
29.334950	7.361823
30.219179	11.061796
27.666143	3.413735
99.000000	99.000000
26.798850	2.289654
25.074333	1.034824
28.460861	4.922320
28.827066	5.826623
27.362721	2.968549
27.864326	3.739950
99.000000	99.000000
29.942178	9.737271
26.903944	2.403194
28.515014	5.046659
27.742166	3.535359
29.950756	9.775803
28.380296	4.743043
26.860854	2.355972
27.660413	3.404730
99.000000	99.000000
28.042547	4.059847
29.246503	7.068042
99.000000	99.000000
29.438020	7.719726
29.955435	9.796718
28.103856	4.176107
27.171266	2.718028
99.000000	99.000000
26.425175	1.927680
27.258064	2.828875
28.414689	4.818809
28.941066	6.140611
22.122989	0.265826
28.444232	4.884798
33.183182	43.305816
27.610324	3.327094
99.000000	99.000000
26.009671	1.591968
29.684022	8.645911
28.029756	4.036016
27.703011	3.472175
26.064951	1.633014
28.522979	5.065218
99.000000	99.000000
29.652902	8.522772
27.068595	2.592502
28.702860	5.502634
28.193703	4.352499
26.047420	1.619884
31.357947	18.689137
27.404921	3.026807
31.584877	20.750323
29.405387	7.604557
25.812319	1.453663
26.953655	2.458848
26.730282	2.218483
26.956606	2.462189
99.000000	99.000000
99.000000	99.000000
27.023569	2.539294
99.000000	99.000000
27.778049	3.594274
25.789238	1.438293
99.000000	99.000000
99.000000	99.000000
28.966499	6.212962
27.689483	3.450611
99.000000	99.000000
28.982671	6.259413
26.833333	2.326304
27.353129	2.955461
25.756275	1.416625
26.733514	2.221790
25.131308	1.062335
99.000000	99.000000
27.062359	2.585066
26.213149	1.748356
99.000000	99.000000
28.193456	4.352021
99.000000	99.000000
27.663754	3.409965
28.083410	4.136950
26.979212	2.487951
27.118072	2.652253
32.596447	33.053552
30.974148	15.660780
27.299255	2.883043
29.230565	7.016393
28.372096	4.725194
28.569768	5.175502
27.824224	3.671519
99.000000	99.000000
30.014317	10.066369
27.933129	3.860336
28.683958	5.455008
24.281323	0.718232
28.050342	4.074439
28.681989	5.450055
26.637134	2.125334
28.875995	5.959372
26.386955	1.894049
26.303421	1.822571
27.642922	3.377421
25.844411	1.475306
26.251050	1.779139
26.791102	2.281505
28.644836	5.357588
28.509277	5.033365
29.344822	7.395428
31.102629	16.617062
27.000139	2.512043
99.000000	99.000000
30.051812	10.241452
27.669856	3.419572
99.000000	99.000000
30.307580	11.521970
26.735456	2.223774
25.157941	1.075445
27.983702	3.951304
27.838055	3.694969
99.000000	99.000000
26.649033	2.137014
29.020193	6.368511
25.537226	1.280693
99.000000	99.000000
28.859958	5.915526
27.173555	2.720890
27.599085	3.309921
29.882884	9.474818
26.774635	2.264260
26.323331	1.839357
28.755189	5.636852
27.152287	2.694377
25.676638	1.365613
27.300627	2.884867
26.724148	2.212226
26.207925	1.744152
29.868457	9.412208
25.811466	1.453094
27.852004	3.718780
28.437182	4.868996
26.323316	1.839346
29.353287	7.424374
25.976708	1.567984
28.587389	5.217685
28.424770	4.841212
28.560530	5.153538
99.000000	99.000000
28.456870	4.913287
27.737360	3.527544
25.683775	1.370108
29.337601	7.370857
25.416952	1.211687
28.275574	4.519754
27.144480	2.684703
28.450415	4.898707
26.784207	2.274266
30.793284	14.409676
27.946462	3.884137
26.341940	1.855189
25.461064	1.236554
29.162710	6.800444
30.227850	11.106575
27.079390	2.605421
26.172344	1.715807
28.228714	4.423275
99.000000	99.000000
27.471444	3.120966
26.481319	1.978172
26.869397	2.365263
99.000000	99.000000
99.000000	99.000000
28.042046	4.058914
27.971331	3.928871
28.738857	5.594666
27.904814	3.810329
25.755615	1.416196
26.160196	1.706235
29.774972	9.015687
31.529747	20.229542
28.168071	4.301441
28.702564	5.501892
30.359084	11.798302
28.196731	4.358574
28.571835	5.180425
28.989584	6.279366
27.053493	2.574534
30.489822	12.530696
31.723798	22.116928
28.923281	6.090511
28.093979	4.157144
26.392261	1.898682
26.787739	2.277967
30.145104	10.691279
28.653220	5.378265
27.371540	2.980624
28.174559	4.314304
26.820373	2.312464
25.707054	1.384874
27.605096	3.319089
99.000000	99.000000
27.607839	3.323287
27.548855	3.234226
99.000000	99.000000
32.303858	28.894825
25.073096	1.034235
27.889910	3.784273
24.882183	0.947188
27.724039	3.505980
27.111235	2.643909
28.743454	5.606463
29.293275	7.221979
29.099369	6.604965
28.685963	5.460023
30.554622	12.909833
25.727027	1.397671
27.508480	3.174649
24.918822	0.963307
26.585377	2.075278
25.602429	1.319731
29.803767	9.135965
28.917977	6.075637
28.458391	4.916767
29.312701	7.286837
25.994725	1.581048
99.000000	99.000000
28.104557	4.177460
27.138868	2.677767
28.967338	6.215406
27.246019	2.813225
27.517225	3.187461
27.855207	3.724260
28.579085	5.197790
28.215119	4.395672
26.768994	2.258393
28.615899	5.286641
26.750404	2.239135
99.000000	99.000000
28.643030	5.353125
32.488122	31.456973
28.103401	4.175232
31.221294	17.548506
99.000000	99.000000
27.563398	3.255969
27.926628	3.848801
34.210074	69.497585
26.881258	2.378211
27.680484	3.436346
24.823470	0.921922
25.508413	1.263813
29.550474	8.130081
26.422729	1.925511
32.064850	25.882786
25.695906	1.377784
29.359950	7.447230
27.810756	3.648808
30.071578	10.335292
28.249777	4.466377
28.951391	6.169858
30.482686	12.489315
27.328765	2.922491
28.146825	4.259585
28.184140	4.333408
27.913583	3.825754
27.460825	3.105735
28.124153	4.215324
99.000000	99.000000
26.941280	2.444873
27.989890	3.962582
99.000000	99.000000
99.000000	99.000000
26.154138	1.701481
28.488733	4.985929
99.000000	99.000000
29.218076	6.976202
27.512152	3.180034
25.108983	1.051470
99.000000	99.000000
99.000000	99.000000
28.091018	4.151477
28.043603	4.061819
32.684144	34.413507
99.000000	99.000000
26.550889	2.042572
26.211637	1.747138
24.799935	0.911984
99.000000	99.000000
28.790176	5.728391
27.625976	3.351160
26.704476	2.192277
99.000000	99.000000
28.437955	4.870730
99.000000	99.000000
27.488122	3.145025
29.166331	6.811842
28.302294	4.575709
27.467707	3.115590
28.807233	5.773592
27.859613	3.731829
29.646454	8.497581
26.435749	1.937089
28.138818	4.243881
25.323803	1.160808
26.966465	2.473391
28.893174	6.006675
28.088327	4.146357
99.000000	99.000000
26.856488	2.351243
25.619506	1.330152
28.738619	5.593973
99.000000	99.000000
26.860306	2.355382
26.772766	2.262317
31.032407	16.087474
26.785668	2.275800
30.232547	11.130327
27.151515	2.693411
29.998264	9.991813
26.674001	2.161720
29.359770	7.446545
27.930156	3.855071
99.000000	99.000000
32.509816	31.767911
25.990989	1.578330
28.090719	4.150918
26.044657	1.617824
29.582741	8.251736
27.985806	3.955136
27.583215	3.285807
31.259060	17.857143
29.872408	9.429537
28.929987	6.109361
27.737724	3.528132
99.000000	99.000000
28.705988	5.510552
28.182836	4.330795
99.000000	99.000000
29.428871	7.687389
24.702614	0.872012
24.879070	0.945832
29.076450	6.535688
26.266526	1.791865
27.152027	2.694043
27.811522	3.650106
25.813038	1.454145
27.396351	3.014880
28.564314	5.162576
28.126761	4.220401
28.939839	6.137213
27.601693	3.313895
25.187215	1.090041
30.290704	11.432362
26.338307	1.852089
29.009632	6.337551
26.921288	2.422462
29.347557	7.404704
26.881141	2.378091
26.000980	1.585609
27.926146	3.847950
28.354113	4.686204
28.351493	4.680585
30.251133	11.226213
29.142119	6.736398
27.291046	2.872160
27.506021	3.171066
27.158207	2.701728
26.816739	2.308590
28.099208	4.167193
99.000000	99.000000
25.502416	1.260327
26.206977	1.743394
27.903381	3.807824
29.874051	9.436420
28.717789	5.540568
31.504716	19.994402
24.669814	0.858940
27.535861	3.214933
27.428897	3.060411
27.330659	2.925042
27.347868	2.948314
29.999132	9.996203
28.833572	5.844057
27.024066	2.539883
99.000000	99.000000
27.676785	3.430508
29.090453	6.577907
29.787130	9.066250
27.606281	3.320904
28.670537	5.421350
27.491069	3.149297
28.091355	4.152127
26.379220	1.887314
30.054435	10.253811
26.966179	2.473071
28.773313	5.684146
26.574379	2.064790
27.588691	3.294121
27.044113	2.563442
99.000000	99.000000
27.143502	2.683496
27.332379	2.927357
99.000000	99.000000
26.458865	1.957821
25.426255	1.216890
31.869081	23.651566
26.084888	1.648078
27.869837	3.749438
29.138675	6.725698
27.903444	3.807929
27.468223	3.116335
24.717633	0.878065
26.196759	1.735208
32.079493	26.055669
30.094669	10.445827
29.515519	8.000384
27.116889	2.650805
30.428995	12.184531
26.337957	1.851790
30.644169	13.453937
24.483858	0.788445
27.633943	3.363475
28.392109	4.768933
99.000000	99.000000
99.000000	99.000000
99.000000	99.000000
28.380663	4.743879
27.947855	3.886601
25.810295	1.452310
28.307032	4.585713
26.950665	2.455459
26.617765	2.106457
99.000000	99.000000
26.376177	1.884671
25.995146	1.581353
28.286026	4.541571
29.310858	7.280679
28.026842	4.030591
28.785696	5.716634
26.441734	1.942438
26.319543	1.836154
25.455325	1.233290
27.898684	3.799587
28.093022	4.155314
30.310178	11.535462
99.000000	99.000000
24.184169	0.686806
28.359108	4.696980
27.350249	2.951555
27.954501	3.898520
99.000000	99.000000
26.468055	1.966125
29.071407	6.520451
27.562846	3.255139
33.294637	45.594595
29.281504	7.182850
26.965237	2.471994
29.693150	8.682346
28.116579	4.200646
29.507350	7.970144
27.280875	2.858740
30.001086	10.005005
27.118744	2.653072
29.400813	7.588655
27.543158	3.225747
28.694052	5.480402
29.294125	7.224815
29.423431	7.668019
28.575571	5.189395
25.609397	1.323974
29.009502	6.337189
99.000000	99.000000
30.321506	11.595536
25.769803	1.425478
27.753160	3.553294
25.441463	1.225442
27.471624	3.121230
28.559838	5.151874
28.990612	6.282393
20.199771	0.109636
27.558403	3.248483
27.224477	2.785448
27.335043	2.930958
27.285035	2.864219
24.255161	0.709630
28.750576	5.624913
28.106700	4.181570
26.367526	1.877178
29.502327	7.951944
99.000000	99.000000
29.143845	6.741614
28.244570	4.455668
28.653848	5.379815
28.153960	4.273587
26.780524	2.270414
27.220341	2.780142
99.000000	99.000000
27.393453	3.010860
26.751482	2.240251
27.551175	3.237683
27.389572	3.005483
26.889115	2.386843
27.981670	3.947624
27.975091	3.935672
23.967341	0.621539
29.837639	9.279687
29.415543	7.640360
29.403129	7.596780
26.983212	2.492535
27.092716	2.621460
27.282553	2.860952
25.113270	1.053547
28.579496	5.198730
26.063004	1.631553
27.111797	2.644592
33.222592	44.101167
99.000000	99.000000
29.806580	9.147866
27.595155	3.303933
24.043306	0.643667
28.971877	6.228334
25.188791	1.090833
27.747049	3.543321
27.718860	3.497602
26.563670	2.054635
26.411604	1.915672
27.877266	3.762297
27.619775	3.341600
29.527047	8.042758
28.215455	4.396355
99.000000	99.000000
26.099907	1.659515
26.101703	1.660888
28.294953	4.560288
25.817609	1.457208
28.045181	4.064784
27.978932	3.942641
26.996302	2.507609
27.562110	3.254034
25.674925	1.364536
26.092817	1.654106
27.322985	2.914713
28.062231	4.096809
26.904979	2.404341
25.509982	1.264726
27.875423	3.759125
26.677385	2.165094
29.844391	9.308639
28.440224	4.875785
26.680275	2.167978
26.930450	2.432712
99.000000	99.000000
27.108968	2.641150
26.176970	1.719466
99.000000	99.000000
26.437388	1.938553
27.313919	2.902582
99.000000	99.000000
28.174397	4.313978
99.000000	99.000000
26.775114	2.264767
26.245897	1.774923
29.215543	6.968052
26.941085	2.444650
26.953504	2.458670
24.523077	0.802815
99.000000	99.000000
99.000000	99.000000
26.656457	2.144327
99.000000	99.000000
28.011152	4.001585
25.270943	1.132893
28.597664	5.242401
27.435742	3.070068
25.085249	1.040040
26.338642	1.852372
26.820646	2.312751
27.633366	3.362592
27.262024	2.834032
29.231955	7.020949
29.117760	6.661268
25.317504	1.157446
27.689082	3.449980
25.364083	1.182542
29.510113	7.980385
25.893572	1.509089
27.953330	3.896428
25.442229	1.225873
29.715559	8.772374
26.687489	2.175192
29.128508	6.694286
26.946314	2.450544
27.387740	3.002949
29.918453	9.631447
28.101548	4.171679
27.883740	3.773534
24.028575	0.639315
28.261756	4.491095
26.394961	1.901042
99.000000	99.000000
29.390359	7.552216
29.078028	6.540403
99.000000	99.000000
26.338277	1.852062
24.087784	0.656987
27.612574	3.330545
29.521512	8.022397
24.874220	0.943722
29.814788	9.182462
28.783074	5.709754
28.221705	4.409004
28.161362	4.288165
28.712237	5.526449
26.175484	1.718294
27.520119	3.191710
26.406666	1.911320
26.175965	1.718671
25.124365	1.058944
28.629088	5.318830
28.835428	5.849093
27.952688	3.895275
27.587349	3.292078
24.807066	0.914984
25.533870	1.278715
26.855786	2.350480
28.657185	5.388097
31.035502	16.110823
30.109699	10.518088
28.962943	6.202839
26.172236	1.715724
28.419059	4.828523
24.694992	0.868957
28.070976	4.113345
28.395646	4.776736
28.212458	4.390270
30.433679	12.210377
29.801956	9.128406
25.583788	1.308452
28.010300	4.000000
26.489190	1.985357
24.509021	0.797635
31.790617	22.809053
27.679907	3.435430
99.000000	99.000000
32.105603	26.370654
28.197845	4.360844
28.280130	4.529243
24.293925	0.722412
27.257699	2.828396
28.234294	4.434640
99.000000	99.000000
27.972353	3.930720
27.744421	3.539027
27.389131	3.004867
27.759001	3.562867
25.190013	1.091447
27.182238	2.731799
28.933397	6.119028
27.467422	3.115191
29.007454	6.331302
30.216658	11.049200
27.711434	3.485669
27.080489	2.606741
27.619618	3.341361
28.042637	4.060017
27.675125	3.427876
29.005975	6.327009
27.984313	3.952432
26.122153	1.676605
99.000000	99.000000
26.414161	1.917930
24.511881	0.798686
27.797580	3.626738
29.815429	9.185270
29.654322	8.528184
99.000000	99.000000
29.337483	7.370491
24.728976	0.882664
27.979337	3.943366
25.480730	1.247803
27.939441	3.871588
28.291707	4.553473
27.590530	3.296902
26.197449	1.735763
28.463073	4.927357
27.245710	2.812819
29.345238	7.396892
99.000000	99.000000
25.861753	1.487136
27.245546	2.812610
27.471158	3.120555
29.581559	8.247177
99.000000	99.000000
27.137755	2.676399
29.042348	6.433811
25.845028	1.475727
27.858223	3.729446
26.081314	1.645366
27.481548	3.135527
27.935753	3.865003
29.390793	7.553749
28.477856	4.961040
27.147419	2.688336
30.598944	13.176736
25.183419	1.088138
99.000000	99.000000
28.088327	4.146340
27.343705	2.942667
27.431697	3.064352
25.737114	1.404179
28.406001	4.799567
27.046484	2.566241
99.000000	99.000000
29.111659	6.642517
27.316410	2.905914
26.934293	2.437019
27.122710	2.657914
28.673188	5.427948
28.589845	5.223580
27.208929	2.765576
27.481164	3.134968
27.172470	2.719535
26.179814	1.721721
29.692986	8.681414
31.619061	21.078632
24.461871	0.780502
26.775688	2.265358
28.965577	6.210390
29.621882	8.401878
26.301155	1.820671
28.192634	4.350373
28.395695	4.776840
24.425756	0.767629
27.798809	3.628791
28.032448	4.040988
29.673442	8.603894
25.448649	1.229503
28.360426	4.699859
31.313003	18.305965
31.347004	18.594398
25.323605	1.160703
99.000000	99.000000
28.213756	4.392898
27.158143	2.701650
32.714142	34.889160
27.098806	2.628826
27.130400	2.667350
26.816848	2.308712
29.605301	8.337875
26.738612	2.227010
26.482798	1.979522
25.200279	1.096618
26.490861	1.986882
99.000000	99.000000
28.545353	5.117647
26.738257	2.226648
26.935719	2.438617
99.000000	99.000000
28.769426	5.673975
99.000000	99.000000
27.229120	2.791416
28.475161	4.954851
25.422174	1.214605
28.831350	5.838105
27.564020	3.256900
29.611432	8.361602
26.492907	1.988756
23.156432	0.427845
23.528343	0.507772
25.810889	1.452707
27.509476	3.176110
28.709587	5.519743
26.467283	1.965427
27.416501	3.042993
28.206927	4.379121
28.206032	4.377275
26.681311	2.169018
26.427757	1.929974
25.218171	1.105692
25.047819	1.022266
26.003511	1.587457
29.656694	8.537649
27.870433	3.750482
32.672627	34.242673
25.806473	1.449756
26.593384	2.082937
26.656706	2.144571
25.562054	1.295420
30.655230	13.522216
29.508109	7.972920
29.453727	7.775682
26.326948	1.842423
28.108372	4.184810
28.505598	5.024794
27.046320	2.566043
26.688383	2.176089
26.991636	2.502232
30.561156	12.949363
25.043734	1.020344
26.547479	2.039369
33.220482	44.073786
27.144457	2.684673
99.000000	99.000000
29.700376	8.711261
99.000000	99.000000
26.876350	2.372851
29.677145	8.618436
27.617124	3.337525
30.884481	15.028229
27.270525	2.845153
29.208449	6.945203
27.452521	3.093883
28.321559	4.616513
99.000000	99.000000
25.632279	1.337999
29.986727	9.939247
31.955632	24.614173
27.705777	3.476618
27.552199	3.239208
23.651536	0.537412
27.597171	3.307002
27.910377	3.820109
99.000000	99.000000
28.379832	4.742051
27.803121	3.635999
99.000000	99.000000
27.076571	2.602043
99.000000	99.000000
25.656561	1.353045
27.781534	3.600034
29.322837	7.321042
25.637129	1.340991
99.000000	99.000000
26.439172	1.940146
99.000000	99.000000
30.323990	11.609299
21.792547	0.228302
26.876209	2.372696
26.822093	2.314293
25.791894	1.440053
28.936531	6.127783
27.321648	2.912934
28.779717	5.700900
27.633759	3.363198
28.303226	4.577691
27.273685	2.849297
27.818488	3.661826
26.922467	2.423778
24.665522	0.857244
27.390720	3.007071
27.820353	3.664979
30.298395	11.473345
31.627778	21.159875
30.102039	10.480830
27.201258	2.755819
25.907001	1.518448
99.000000	99.000000
27.666636	3.414506
30.033518	10.155425
27.338359	2.935435
25.178131	1.085491
26.272300	1.796636
29.455501	7.782158
24.261793	0.711801
27.943959	3.879647
27.288398	2.868670
26.157585	1.704188
28.362634	4.704648
25.942172	1.543243
26.566649	2.057452
30.005661	10.025834
99.000000	99.000000
27.842481	3.702510
30.756491	14.167804
28.976774	6.242421
29.829164	9.243592
99.000000	99.000000
30.887673	15.050057
27.289927	2.870685
29.591575	8.285440
27.944563	3.880725
28.885678	5.985954
29.498695	7.938556
26.214049	1.749081
99.000000	99.000000
29.011946	6.344429
28.647707	5.364607
27.159332	2.703128
28.247570	4.461846
27.231721	2.794751
30.615468	13.276221
26.700279	2.188045
28.870803	5.945075
28.297463	4.565545
99.000000	99.000000
31.166205	17.110363
99.000000	99.000000
31.229686	17.617629
28.317125	4.607081
28.019792	4.017529
28.977832	6.245427
25.611403	1.325198
27.386428	3.001144
25.116768	1.055245
29.134215	6.711911
28.571339	5.179243
30.141016	10.670918
27.400919	3.021231
26.282547	1.805135
26.271484	1.795960
99.000000	99.000000
28.568692	5.172919
28.101869	4.172304
26.836959	2.330197
30.694238	13.767627
29.050241	6.457324
30.935433	15.384852
28.427011	4.846215
99.000000	99.000000
31.224643	17.575224
99.000000	99.000000
27.577533	3.277237
29.265820	7.131255
26.479735	1.976727
27.694822	3.459114
28.948254	6.160979
30.367124	11.841677
26.175382	1.718211
26.325780	1.841432
26.290248	1.811548
28.805967	5.770260
26.764171	2.253378
27.756097	3.558123
25.519792	1.270452
25.981880	1.571722
28.638373	5.341655
28.808356	5.776562
27.949628	3.889805
26.677614	2.165326
28.260027	4.487494
28.725012	5.559072
27.129689	2.666479
29.504320	7.959014
25.356159	1.178234
28.742533	5.604158
99.000000	99.000000
28.289952	4.549764
29.221993	6.988717
99.000000	99.000000
99.000000	99.000000
29.915637	9.618801
26.476385	1.973679
26.609974	2.098911
26.380822	1.888707
28.608008	5.267445
28.261997	4.491567
33.119879	42.051327
29.324876	7.327767
26.804179	2.295284
29.481453	7.875698
28.244311	4.455143
27.788550	3.611685
29.163665	6.803509
28.082946	4.136105
29.855169	9.354774
27.910900	3.821030
99.000000	99.000000
28.170243	4.305771
25.568514	1.299280
28.335532	4.646280
27.654013	3.394722
99.000000	99.000000
28.332442	4.639687
28.521253	5.061195
29.319061	7.308177
26.810179	2.301635
27.488466	3.145526
28.895801	6.013925
26.358117	1.869061
25.760228	1.419207
25.103547	1.048841
26.718557	2.206535
27.881346	3.769373
27.912487	3.823810
29.231046	7.017878
26.168522	1.712790
30.788111	14.376111
24.601812	0.832458
27.014971	2.529264
29.554933	8.146811
28.250232	4.467311
24.048518	0.645214
29.588077	8.272205
27.501641	3.164669
28.721528	5.550134
24.421253	0.766039
28.262522	4.492673
29.581042	8.245428
26.186934	1.727377
26.767666	2.257007
27.487328	3.143881
27.210184	2.767181
28.698889	5.492594
27.675942	3.429163
28.997231	6.301553
99.000000	99.000000
28.455403	4.909981
25.607136	1.322597
26.351176	1.863095
28.793316	5.736754
31.525756	20.191602
25.461429	1.236760
24.640141	0.847282
99.000000	99.000000
30.874474	14.958827
28.162980	4.291376
27.788153	3.611031
28.479514	4.964825
28.463442	4.928207
26.996043	2.507318
28.252445	4.471863
27.855388	3.724589
25.970288	1.563355
27.539368	3.220129
27.116439	2.650261
30.002174	10.010020
28.664871	5.407198
27.799696	3.630267
30.336796	11.678031
27.509706	3.176450
26.815258	2.307025
29.789990	9.078292
27.221558	2.781714
30.249219	11.216254
22.557497	0.324713
31.396941	19.028240
29.981271	9.914095
28.719590	5.545248
33.639830	53.488571
29.132798	6.707473
31.129334	16.822864
99.000000	99.000000
99.000000	99.000000
99.000000	99.000000
31.317743	18.346348
24.848683	0.932688
27.681305	3.437634
27.542175	3.224306
27.812825	3.652287
28.024621	4.026475
26.224093	1.757188
31.085971	16.489668
28.389470	4.763164
26.630563	2.118912
23.893046	0.600633
31.462984	19.613698
28.758160	5.644619
26.572880	2.063368
30.583596	13.083020
26.550631	2.042328
27.992638	3.967603
25.854676	1.482297
30.544535	12.850066
29.044687	6.440720
99.000000	99.000000
28.306302	4.584184
30.801430	14.464435
27.196207	2.749424
24.847267	0.932081
25.901428	1.514557
26.528974	2.022063
30.485738	12.507274
99.000000	99.000000
99.000000	99.000000
26.215645	1.750366
99.000000	99.000000
26.481833	1.978640
27.851839	3.718491
99.000000	99.000000
28.351303	4.680159
27.993733	3.969588
29.460179	7.799039
27.861187	3.734536
28.313444	4.599251
28.749821	5.622992
99.000000	99.000000
26.935590	2.438475
27.189775	2.741292
99.000000	99.000000
25.936521	1.539233
99.000000	99.000000
28.216358	4.398155
32.198565	27.524242
26.513875	2.008052
27.832481	3.685488
28.204265	4.373735
99.000000	99.000000
28.485391	4.978265
29.128556	6.694407
99.000000	99.000000
27.510013	3.176894
28.084563	4.139169
25.887000	1.504525
28.771386	5.679094
26.498923	1.994269
28.776616	5.692744
26.869118	2.364956
25.317063	1.157211
28.143619	4.253265
31.914340	24.144606
32.585820	32.904762
26.965608	2.472419
26.515676	2.009718
26.763217	2.252390
99.000000	99.000000
27.229205	2.791525
26.972673	2.480468
26.556488	2.047846
28.418806	4.827933
30.489140	12.526440
24.232286	0.702194
27.261580	2.833450
27.266682	2.840118
27.231127	2.793989
27.624563	3.348987
28.490191	4.989296
99.000000	99.000000
28.173993	4.313210
29.066846	6.506880
27.600739	3.312446
27.939913	3.872417
99.000000	99.000000
27.225784	2.787124
27.292445	2.874019
99.000000	99.000000
28.699709	5.494656
28.904950	6.039392
28.645054	5.358090
24.465607	0.781847
28.135986	4.238360
29.121041	6.671280
28.729956	5.571774
28.864565	5.928029
30.239835	11.167872
27.298226	2.881675
29.567399	8.193689
28.127361	4.221539
29.729349	8.828229
29.763997	8.969987
28.361506	4.702191
27.774115	3.587774
28.013693	4.006243
24.800742	0.912323
27.497820	3.159110
27.383450	2.997027
26.083894	1.647325
99.000000	99.000000
26.574874	2.065263
29.532539	8.063130
26.963559	2.470082
27.852560	3.719743
27.807162	3.642777
99.000000	99.000000
28.835688	5.849776
29.931728	9.690487
25.604163	1.320786
25.592127	1.313486
26.366544	1.876328
28.028996	4.034574
28.408279	4.804594
25.126907	1.060184
99.000000	99.000000
29.172191	6.830278
28.396290	4.778133
27.625525	3.350464
29.600706	8.320457
28.453755	4.906266
26.798184	2.288953
28.747318	5.616479
25.265543	1.130078
25.677479	1.366141
28.217387	4.400256
28.552314	5.134061
30.490504	12.534171
29.444770	7.743883
28.027265	4.031350
28.121379	4.209936
99.000000	99.000000
28.005810	3.991746
26.750377	2.239114
27.699065	3.465885
27.114115	2.647420
30.309889	11.534256
29.451104	7.766331
28.724207	5.557021
29.900176	9.550853
28.191135	4.347376
24.711659	0.875653
29.039251	6.424650
99.000000	99.000000
26.417413	1.920802
29.083849	6.558017
28.990783	6.282872
29.183137	6.864797
27.480289	3.133701
29.737758	8.862394
25.522485	1.272029
27.606904	3.321850
28.285534	4.540542
26.377141	1.885510
28.221874	4.409340
21.540624	0.203294
26.388990	1.895824
31.453832	19.533003
27.712768	3.487823
31.739851	22.284012
27.648024	3.385353
28.257494	4.482280
27.509553	3.176224
99.000000	99.000000
29.298725	7.240132
29.263228	7.122774
27.153059	2.695329
24.059770	0.648566
28.645085	5.358158
28.577121	5.193091
28.665157	5.407949
27.567019	3.261397
26.061234	1.630221
27.070260	2.594488
27.351404	2.953116
28.847868	5.882652
27.112936	2.645983
27.120886	2.655695
27.399127	3.018736
27.038279	2.556559
27.289677	2.870352
27.626513	3.351985
25.999872	1.584799
28.951019	6.168810
28.056777	4.086538
26.398896	1.904491
25.993797	1.580372
26.210130	1.745928
28.000650	3.982270
28.536038	5.095713
25.840326	1.472532
26.985967	2.495705
27.435098	3.069169
27.203445	2.758607
26.001171	1.585750
28.631055	5.323688
26.953628	2.458813
27.426277	3.056725
25.705699	1.384011
27.245108	2.812045
27.447358	3.086541
28.136805	4.239960
27.436090	3.070562
29.552486	8.137474
25.757777	1.417606
27.876436	3.760866
28.966415	6.212753
29.204007	6.931015
27.002643	2.514946
99.000000	99.000000
23.598001	0.524325
30.948099	15.473898
27.347972	2.948457
29.076914	6.537114
26.827082	2.319615
28.503188	5.019247
26.327379	1.842788
24.679764	0.862884
26.875036	2.371416
30.690335	13.742398
27.566926	3.261247
27.405528	3.027647
25.461049	1.236544
27.092358	2.621028
25.980253	1.570545
29.910026	9.593888
99.000000	99.000000
25.643851	1.345148
28.076667	4.124145
29.726476	8.816557
27.751010	3.549780
27.017272	2.531951
28.492383	4.994338
26.168235	1.712563
25.664803	1.358191
28.439217	4.873501
99.000000	99.000000
28.384971	4.753299
99.000000	99.000000
27.111493	2.644223
26.459339	1.958247
28.009241	3.998050
27.944008	3.879717
28.721696	5.550558
27.451482	3.092397
28.756086	5.639223
28.690764	5.472063
27.356519	2.960089
25.702582	1.382026
24.652054	0.851944
29.148543	6.756288
26.869209	2.365060
31.047973	16.203991
26.702193	2.189974
27.190844	2.742640
27.364061	2.970381
29.072377	6.523427
29.295826	7.230500
26.970437	2.477920
26.955185	2.460580
26.182021	1.723472
28.334056	4.643117
26.725100	2.213201
28.204369	4.373943
99.000000	99.000000
28.116559	4.200607
27.522799	3.195656
25.832183	1.467021
27.578979	3.279403
27.421317	3.049751
29.036878	6.417586
27.637893	3.369591
28.229139	4.424145
25.362348	1.181597
28.807486	5.774273
28.588217	5.219704
29.110653	6.639453
29.398814	7.581709
99.000000	99.000000
28.900642	6.027392
29.197610	6.910645
28.293645	4.557536
26.569359	2.060023
27.227320	2.789094
26.205625	1.742308
26.486263	1.982680
26.338579	1.852319
25.058111	1.027122
26.539211	2.031621
28.640544	5.346942
29.340969	7.382310
26.309135	1.827372
26.487578	1.983879
27.006289	2.519172
28.620613	5.298133
28.103420	4.175252
26.914181	2.414552
29.444054	7.741176
29.785436	9.059089
26.122519	1.676887
33.333705	46.400862
30.701050	13.810795
27.053982	2.575118
28.817670	5.801393
27.820061	3.664478
27.351480	2.953218
27.966081	3.919368
28.100981	4.170580
27.599204	3.310098
29.997831	9.989920
29.573392	8.216432
28.458050	4.915996
28.731575	5.575923
28.435253	4.864614
25.767112	1.423713
27.095824	2.625213
27.412066	3.036777
23.953234	0.617514
27.635676	3.366163
27.725014	3.507542
27.519998	3.191536
28.763605	5.658715
28.980461	6.253060
26.451383	1.951087
29.191303	6.890603
30.676481	13.654671
26.830962	2.323761
27.312648	2.900879
29.584591	8.258782
99.000000	99.000000
29.212437	6.958122
26.770197	2.259644
28.306599	4.584785
27.619412	3.341039
99.000000	99.000000
27.865998	3.742842
29.770130	8.995469
25.969646	1.562893
28.549456	5.127320
29.957208	9.804749
28.261559	4.490683
26.885651	2.383033
27.609087	3.325195
28.359203	4.697240
30.547587	12.868521
25.863875	1.488590
28.841201	5.864592
26.396485	1.902380
27.302237	2.887005
99.000000	99.000000
33.411291	48.087963
28.112124	4.192039
30.535075	12.794238
26.887935	2.385541
29.468067	7.827350
27.350297	2.951613
27.133370	2.670997
26.685626	2.173328
99.000000	99.000000
28.870074	5.943134
28.204909	4.375048
28.055980	4.085056
27.106177	2.637757
30.480824	12.478667
27.291951	2.873358
27.021058	2.536363
24.002138	0.631579
29.280216	7.178665
26.052683	1.623814
24.395194	0.756900
25.573542	1.302292
30.245946	11.199047
32.250798	28.189984
27.525197	3.199179
26.083350	1.646911
28.027547	4.031895
28.638590	5.342152
29.319525	7.309698
27.324952	2.917358
27.082749	2.609449
26.912354	2.412522
27.706761	3.478176
99.000000	99.000000
30.343330	11.713129
27.764182	3.571388
27.076652	2.602142
29.698483	8.703659
29.202964	6.927817
26.675626	2.163343
28.056868	4.086729
26.936010	2.438948
99.000000	99.000000
26.351232	1.863144
26.380396	1.888337
26.188315	1.728476
28.346723	4.670273
28.582316	5.205506
22.419748	0.304754
29.847312	9.320851
28.200574	4.366328
29.186724	6.876123
26.104489	1.663021
28.437929	4.870662
28.224982	4.415661
28.737091	5.590044
25.017594	1.008136
28.356189	4.690708
28.722432	5.552442
24.296074	0.723127
28.461572	4.923967
27.361048	2.966266
28.337573	4.650676
29.072423	6.523534
99.000000	99.000000
29.859549	9.373781
28.549713	5.127929
28.714361	5.531887
29.084316	6.559332
28.185650	4.336411
28.114263	4.196169
30.740912	14.066482
29.648102	8.504050
28.698562	5.491751
99.000000	99.000000
27.965864	3.918985
27.660854	3.405427
28.347220	4.671344
25.763761	1.421517
30.130436	10.618967
27.628271	3.354693
31.303584	18.225581
27.588738	3.294188
27.803825	3.637192
28.790640	5.729621
26.497986	1.993416
28.519447	5.056951
25.178597	1.085724
26.574851	2.065236
28.073938	4.118947
26.730800	2.219011
26.145188	1.694485
26.995463	2.506645
27.664550	3.411220
27.925310	3.846484
99.000000	99.000000
28.201838	4.368835
26.041453	1.615440
27.974486	3.934563
25.976137	1.567573
28.586059	5.214482
99.000000	99.000000
28.135596	4.237610
27.450714	3.091310
30.071231	10.333369
99.000000	99.000000
29.129871	6.698479
28.200015	4.365168
25.762503	1.420693
29.290956	7.214219
99.000000	99.000000
30.440500	12.248612
99.000000	99.000000
26.088157	1.650561
24.249643	0.707830
24.365645	0.746670
25.144366	1.068743
24.800939	0.912405
26.798264	2.289037
24.569396	0.820123
26.412919	1.916830
25.520416	1.270817
99.000000	99.000000
26.743410	2.231941
27.406125	3.028478
25.959586	1.555668
26.333365	1.847877
27.649743	3.388030
27.480780	3.134409
29.165173	6.808241
99.000000	99.000000
27.619703	3.341499
25.655560	1.352422
28.912780	6.061205
99.000000	99.000000
28.054206	4.081719
27.956930	3.902893
29.509698	7.978801
99.000000	99.000000
30.205580	10.992749
28.223755	4.413166
26.926781	2.428603
25.900599	1.513979
27.503469	3.167344
27.733839	3.521830
28.255881	4.478936
28.161402	4.288249
28.700102	5.495651
29.180990	6.857963
22.700947	0.346888
30.923168	15.297449
27.414683	3.040444
99.000000	99.000000
23.834200	0.584575
28.742397	5.603768
28.528285	5.077552
28.378198	4.738510
99.000000	99.000000
26.340909	1.854306
28.126432	4.219765
28.289301	4.548441
26.161562	1.707308
29.040776	6.429174
26.985934	2.495665
27.410056	3.033966
28.457342	4.914360
33.716956	55.343558
25.296530	1.146321
27.137950	2.676642
28.806509	5.771711
27.653551	3.393989
26.671751	2.159483
27.466738	3.114207
27.963632	3.914936
26.516874	2.010824
22.494813	0.315473
24.328995	0.734174
25.576062	1.303804
29.632898	8.444698
28.966290	6.212381
99.000000	99.000000
27.637289	3.368659
26.830464	2.323229
29.125689	6.685603
31.107737	16.654092
30.242682	11.182443
26.663735	2.151528
29.571854	8.210462
26.119014	1.674181
34.838855	92.879310
27.736630	3.526344
30.099418	10.468164
25.444632	1.227231
28.629856	5.320698
25.922033	1.528995
29.976479	9.892064
99.000000	99.000000
31.531081	20.240475
27.251532	2.820379
29.156751	6.781851
24.997401	0.998804
29.399876	7.585386
25.324148	1.160994
26.948364	2.452858
28.231607	4.429132
32.043963	25.636005
30.215201	11.042063
28.406976	4.801692
29.556159	8.151229
30.853064	14.811321
28.342539	4.661329
28.265902	4.499656
25.822809	1.460702
30.287304	11.414593
25.740220	1.406190
26.950757	2.455569
32.382787	29.967684
27.191866	2.743926
26.690349	2.178059
27.951436	3.893016
30.094195	10.443560
28.374960	4.731430
29.303859	7.257176
26.953937	2.459167
24.858810	0.937048
99.000000	99.000000
30.281238	11.383001
25.708886	1.386043
28.192449	4.350010
24.938078	0.971887
28.806256	5.770965
29.284757	7.193593
28.079089	4.128735
28.019003	4.016048
26.436425	1.937691
28.415521	4.820622
29.167138	6.814488
27.397614	3.016635
29.316281	7.298865
99.000000	99.000000
25.802285	1.446960
26.478968	1.976033
28.738313	5.593211
28.439527	4.874225
28.247700	4.462120
28.118899	4.205125
29.333892	7.358384
27.272179	2.847317
27.591026	3.297647
99.000000	99.000000
27.828462	3.678679
27.579248	3.279816
30.401462	12.030395
27.490380	3.148300
29.148047	6.754757
30.322674	11.601696
26.962301	2.468654
27.310512	2.898033
24.382992	0.752659
27.312868	2.901178
28.749855	5.623012
27.890813	3.785857
25.868350	1.491661
28.478631	4.962785
27.165395	2.710687
29.296053	7.231280
28.895959	6.014397
28.490867	4.990809
26.051399	1.622855
99.000000	99.000000
28.016939	4.012235
29.929487	9.680630
25.922020	1.528986
26.383160	1.890740
27.908241	3.816341
99.000000	99.000000
26.183147	1.724365
26.928845	2.430914
28.469445	4.941852
99.000000	99.000000
32.288559	28.691358
29.850051	9.332811
28.379490	4.741300
27.859840	3.732233
30.105144	10.495869
27.707879	3.479964
28.792923	5.735730
28.243708	4.453918
27.378507	2.990218
25.923498	1.530028
30.043079	10.200291
27.093029	2.621839
24.821539	0.921102
99.000000	99.000000
28.210200	4.385690
27.853522	3.721392
99.000000	99.000000
28.701382	5.498866
27.879173	3.765594
28.594298	5.234308
28.197185	4.359504
27.039578	2.558089
28.294592	4.559519
29.256638	7.101104
28.345847	4.668425
26.920422	2.421497
27.554332	3.242402
26.437873	1.938988
25.337779	1.168305
27.252889	2.822138
27.372022	2.981282
28.143501	4.253057
27.176662	2.724790
29.517397	8.007117
25.066489	1.031093
29.073671	6.527374
99.000000	99.000000
26.108448	1.666056
28.847455	5.881590
26.387734	1.894727
29.055551	6.473100
99.000000	99.000000
99.000000	99.000000
30.129946	10.616546
27.611298	3.328584
99.000000	99.000000
27.804558	3.638403
26.370058	1.879367
28.666110	5.410298
26.502651	1.997701
26.493895	1.989660
28.491408	4.992075
29.850334	9.334117
99.000000	99.000000
99.000000	99.000000
29.276529	7.166453
25.707591	1.385218
28.614868	5.284107
26.643988	2.132046
25.493331	1.255065
25.578220	1.305100
28.648332	5.366199
25.418849	1.212746
28.733602	5.581111
27.582348	3.284500
27.835538	3.690690
25.937947	1.540243
30.228251	11.108095
33.562030	51.593085
28.957110	6.186216
29.007498	6.331356
26.377303	1.885650
27.248204	2.816060
99.000000	99.000000
27.931512	3.857464
28.690699	5.471885
28.429079	4.850817
28.210347	4.386011
29.796002	9.103340
29.162359	6.799353
31.435350	19.366092
26.895449	2.393811
26.083096	1.646720
28.820854	5.809958
27.122549	2.657717
27.230390	2.793052
25.850328	1.479333
29.856786	9.361613
25.263847	1.129197
26.830212	2.322960
28.352302	4.682299
33.393839	47.753986
99.000000	99.000000
99.000000	99.000000
31.891165	23.888699
27.850999	3.717079
26.789792	2.280125
28.689432	5.468702
25.826347	1.463086
29.787577	9.067922
27.563813	3.256586
30.718165	13.919589
28.429692	4.852192
29.479031	7.867001
28.111552	4.190937
29.771008	8.999271
27.972974	3.931825
27.037910	2.556122
30.801203	14.462874
30.025486	10.118243
27.543372	3.226063
99.000000	99.000000
99.000000	99.000000
26.281005	1.803853
99.000000	99.000000
26.310938	1.828888
27.478734	3.131460
27.078005	2.603755
30.418728	12.126618
29.069884	6.515943
99.000000	99.000000
27.213990	2.772034
27.966665	3.920431
26.029035	1.606228
26.485644	1.982116
27.227624	2.789486
28.410863	4.810306
27.055164	2.576515
28.395646	4.776713
28.514046	5.044403
28.823753	5.817708
25.175981	1.084416
27.994366	3.970752
28.362995	4.705458
99.000000	99.000000
30.534897	12.793290
99.000000	99.000000
28.158411	4.282358
28.555581	5.141788
28.577883	5.194872
28.975843	6.239721
27.949053	3.888760
28.192182	4.349451
29.298213	7.238395
24.865850	0.940091
28.207052	4.379356
28.152573	4.270830
99.000000	99.000000
99.000000	99.000000
31.796280	22.868724
28.454069	4.906985
31.289606	18.111184
28.600383	5.248960
30.679928	13.677329
29.812776	9.174129
28.062869	4.098025
25.432433	1.220357
27.916272	3.830487
28.229543	4.424969
99.000000	99.000000
28.131102	4.228831
99.000000	99.000000
99.000000	99.000000
25.820969	1.459464
26.813082	2.304710
99.000000	99.000000
25.697397	1.378729
26.892628	2.390698
25.646050	1.346511
27.912804	3.824387
28.190889	4.346881
99.000000	99.000000
28.409859	4.808100
29.358987	7.443896
28.213694	4.392799
25.884903	1.503075
99.000000	99.000000
25.964711	1.559346
26.234847	1.765917
99.000000	99.000000
26.741783	2.230265
27.927996	3.851221
28.285758	4.541004
28.622565	5.302860
27.010458	2.524011
28.337009	4.649474
30.318153	11.577882
29.786417	9.063085
27.079368	2.605395
28.656806	5.387207
29.871733	9.426426
99.000000	99.000000
28.769706	5.674631
29.230458	7.015949
28.763501	5.658491
28.072907	4.117004
99.000000	99.000000
26.563019	2.054016
26.392320	1.898734
28.165884	4.297123
27.806097	3.640993
28.956404	6.184144
99.000000	99.000000
29.789990	9.078210
31.136114	16.874431
26.069640	1.636544
28.125447	4.217822
99.000000	99.000000
29.913529	9.609844
25.401138	1.202895
29.716646	8.776614
99.000000	99.000000
30.991868	15.789828
29.826292	9.231189
26.769742	2.259168
99.000000	99.000000
26.269622	1.794422
29.303345	7.255527
27.803911	3.637322
99.000000	99.000000
29.940737	9.730897
29.130748	6.701109
29.717734	8.781093
25.225586	1.109474
28.139952	4.246101
29.051918	6.462332
30.030276	10.140566
26.488613	1.984825
25.782353	1.433740
99.000000	99.000000
26.740655	2.229107
28.551256	5.131560
27.249134	2.817260
29.181449	6.859455
29.294521	7.226202
29.414530	7.636788
28.922959	6.089668
99.000000	99.000000
28.565588	5.165595
29.765483	8.976150
99.000000	99.000000
28.442135	4.880067
28.672677	5.426716
99.000000	99.000000
28.548372	5.124777
28.865252	5.929918
28.391072	4.766677
29.401689	7.591609
99.000000	99.000000
29.929284	9.679659
30.268929	11.318473
28.958149	6.189190
25.249155	1.121582
29.339018	7.375748
27.611526	3.328930
27.903932	3.808785
99.000000	99.000000
28.072244	4.115764
27.391074	3.007562
23.664269	0.540572
30.158590	10.757898
99.000000	99.000000
27.937701	3.868471
27.379692	2.991846
31.529303	20.223313
29.378351	7.510548
27.850294	3.715840
26.989320	2.499563
28.051406	4.076457
31.526199	20.193719
28.528732	5.078615
26.196834	1.735271
99.000000	99.000000
26.853550	2.348067
25.873986	1.495537
27.476543	3.128298
32.628968	33.558559
27.966498	3.920120
28.925740	6.097409
28.307580	4.586850
99.000000	99.000000
25.587707	1.310815
99.000000	99.000000
27.779720	3.597040
26.320290	1.836784
28.429488	4.851725
29.368049	7.474940
29.347736	7.405265
26.602371	2.091580
27.326820	2.919867
30.329565	11.639122
27.059171	2.581272
27.403390	3.024665
29.204581	6.932853
29.728841	8.826050
28.458339	4.916651
28.882842	5.978199
29.465608	7.818510
27.904925	3.810513
27.067224	2.590861
30.495291	12.561780
29.727742	8.821634
28.054640	4.082518
25.894108	1.509461
29.095444	6.593132
29.590383	8.281012
28.262391	4.492412
27.181250	2.730551
25.420063	1.213424
24.421131	0.765996
99.000000	99.000000
28.156501	4.278585
26.713594	2.201502
29.722516	8.800496
27.455518	3.098155
25.875933	1.496879
22.904206	0.380926
30.375837	11.889878
28.404726	4.796765
29.366534	7.469814
28.691675	5.474407
27.089192	2.617214
27.377032	2.988178
26.371110	1.880276
25.667139	1.359652
28.832127	5.840138
28.237823	4.441875
25.937470	1.539904
26.834980	2.328072
28.395571	4.776523
28.149942	4.265699
99.000000	99.000000
28.141657	4.249449
26.895897	2.394306
27.440306	3.076534
28.314409	4.601330
25.835513	1.469274
25.926871	1.532407
28.181757	4.328668
99.000000	99.000000
27.429162	3.060782
27.035826	2.553673
28.472578	4.948982
27.370817	2.979633
29.004759	6.323364
25.413065	1.209521
27.649818	3.388160
99.000000	99.000000
28.088420	4.146524
27.961089	3.910364
99.000000	99.000000
26.364604	1.874651
25.203057	1.098023
27.160094	2.704075
28.836915	5.853066
25.796458	1.443083
29.253577	7.091065
29.873857	9.435630
27.197850	2.751505
27.794400	3.621430
25.308571	1.152695
27.085228	2.612432
26.762276	2.251410
25.190031	1.091455
27.483065	3.137715
99.000000	99.000000
27.457281	3.100680
29.736480	8.857143
27.027278	2.543638
28.931447	6.113545
29.181500	6.859684
99.000000	99.000000
26.271284	1.795797
28.958565	6.190297
27.689250	3.450252
29.292595	7.219651
27.772216	3.584627
29.361276	7.451774
99.000000	99.000000
33.703715	55.027273
25.231136	1.112313
28.101303	4.171205
29.269969	7.144928
28.298640	4.567994
28.767261	5.668327
27.378400	2.990067
30.857360	14.840749
99.000000	99.000000
28.191012	4.347129
27.367237	2.974727
28.359587	4.698016
27.870463	3.750531
26.857316	2.352142
27.719299	3.498317
27.056455	2.578045
29.096011	6.594833
25.496554	1.256928
27.918824	3.834985
28.025696	4.028465
26.632436	2.120741
26.109247	1.666671
32.607180	33.225166
30.303983	11.502382
99.000000	99.000000
32.075080	25.999324
28.904515	6.038136
28.041796	4.058439
28.213233	4.391822
28.051460	4.076543
27.423592	3.052940
26.938887	2.442177
26.982558	2.491792
27.766539	3.575263
29.140691	6.731986
99.000000	99.000000
28.219470	4.404497
27.443208	3.080640
29.313566	7.289829
25.201082	1.097024
26.531579	2.024493
25.416777	1.211589
27.813158	3.652847
25.585112	1.309249
26.895785	2.394185
99.000000	99.000000
25.229324	1.111386
29.848255	9.325217
28.706944	5.513008
27.739754	3.531427
99.000000	99.000000
27.792721	3.618636
30.361808	11.813285
28.479648	4.965117
28.135791	4.237958
30.298252	11.472493
29.668870	8.585655
31.102030	16.610375
99.000000	99.000000
32.198565	27.528030
28.230011	4.425916
99.000000	99.000000
29.856025	9.358557
29.106163	6.625752
32.431626	30.637559
29.927657	9.672186
27.779888	3.597314
27.956037	3.901283
28.102058	4.172630
29.311549	7.282926
25.075209	1.035242
28.659393	5.393571
29.121862	6.673793
29.655903	8.534416
28.336376	4.648079
28.759926	5.649146
28.772437	5.681818
27.655829	3.397553
26.220713	1.754456
99.000000	99.000000
26.547664	2.039542
99.000000	99.000000
28.211266	4.387840
29.191663	6.891802
20.015181	0.100702
99.000000	99.000000
26.814132	2.305829
27.591286	3.298055
27.072455	2.597114
99.000000	99.000000
29.105782	6.624567
27.633882	3.363375
30.891122	15.072938
29.570757	8.206479
28.978001	6.245933
27.941037	3.874431
28.450962	4.899976
31.367469	18.770965
29.633053	8.445332
99.000000	99.000000
99.000000	99.000000
28.241729	4.449863
28.710547	5.522185
99.000000	99.000000
29.078632	6.542287
30.865281	14.894830
28.320102	4.613387
25.308610	1.152715
29.791243	9.083416
29.068548	6.511916
25.641831	1.343898
25.502368	1.260299
26.670870	2.158608
24.302350	0.725220
30.856882	14.838397
28.423371	4.838093
28.024393	4.026032
29.020502	6.369427
26.862488	2.357754
29.316108	7.298285
27.647278	3.384195
99.000000	99.000000
27.927529	3.850410
27.621875	3.344846
29.251068	7.082928
30.589373	13.117708
32.535312	32.146694
25.626778	1.334613
28.368538	4.717459
28.952839	6.174011
26.404760	1.909641
28.879355	5.968615
29.066754	6.506541
25.617257	1.328775
29.615539	8.377430
26.769958	2.259393
30.885462	15.033906
99.000000	99.000000
24.021294	0.637175
27.172502	2.719571
28.469498	4.941947
30.809867	14.520135
28.033263	4.042522
32.219326	27.783784
30.588252	13.111398
25.766958	1.423611
99.000000	99.000000
27.094874	2.624067
27.426500	3.057026
28.853330	5.897433
29.607341	8.345824
29.119206	6.665615
32.867276	37.448808
28.526243	5.072826
26.164214	1.709398
25.909116	1.519930
25.011482	1.005302
28.798617	5.750744
28.848770	5.885118
29.960344	9.819032
26.098306	1.658293
27.053090	2.574056
27.646159	3.382461
99.000000	99.000000
27.113963	2.647239
29.540402	8.092534
29.259379	7.110055
29.971391	9.869095
27.177549	2.725903
99.000000	99.000000
26.357806	1.868794
27.640880	3.374241
28.296603	4.563743
25.190401	1.091642
26.006810	1.589872
28.620003	5.296619
27.303840	2.889134
30.098110	10.462128
28.774788	5.688020
27.016590	2.531149
26.161676	1.707400
29.420307	7.657129
28.697089	5.488013
29.310053	7.277981
24.549045	0.812473
99.000000	99.000000
34.355804	74.287293
32.598823	33.089814
28.346439	4.669705
28.407001	4.801780
27.037938	2.556162
24.796674	0.910615
28.199416	4.363976
99.000000	99.000000
26.669434	2.157184
99.000000	99.000000
28.424414	4.840421
28.143992	4.254004
26.883587	2.380775
99.000000	99.000000
27.331263	2.925848
28.183426	4.331951
32.231127	27.935207
29.276306	7.165802
28.181411	4.327945
99.000000	99.000000
29.234474	7.028953
29.094501	6.590271
29.693641	8.684087
29.462229	7.806216
23.984440	0.626452
28.412447	4.813830
99.000000	99.000000
99.000000	99.000000
29.045678	6.443739
28.246231	4.459090
29.220986	6.985458
28.689432	5.468732
24.948948	0.976764
26.940242	2.443702
28.459494	4.919272
24.992521	0.996562
27.957608	3.904097
26.808294	2.299636
27.871334	3.752034
25.912686	1.522430
30.042627	10.198440
27.833263	3.686811
27.798552	3.628365
29.137939	6.723398
29.048658	6.452536
29.967802	9.852733
30.355011	11.776314
25.371395	1.186531
27.830845	3.682734
28.120436	4.208107
27.764473	3.571873
30.200997	10.969675
28.103648	4.175690
99.000000	99.000000
30.392385	11.980479
25.446893	1.228510
28.787863	5.722290
28.571776	5.180335
26.298729	1.818633
28.403952	4.795001
28.868081	5.937667
25.559857	1.294110
27.273676	2.849282
99.000000	99.000000
29.964749	9.838916
25.504741	1.261678
99.000000	99.000000
26.466290	1.964525
26.361057	1.871592
28.164741	4.294855
99.000000	99.000000
27.909506	3.818577
28.356858	4.692125
28.355353	4.688924
28.334360	4.643772
29.560858	8.169036
26.222586	1.755971
26.281207	1.804021
30.066834	10.312666
28.480826	4.967818
24.878176	0.945442
28.216400	4.398247
99.000000	99.000000
28.073569	4.118263
26.832323	2.325222
28.267002	4.501946
99.000000	99.000000
28.464075	4.929623
28.361554	4.702333
99.000000	99.000000
27.195731	2.748823
27.602623	3.315308
25.907695	1.518934
24.752986	0.892478
24.968340	0.985526
28.296106	4.562694
34.876955	94.392857
29.256857	7.101881
26.159381	1.705598
29.565360	8.185955
28.708034	5.515744
27.992587	3.967510
26.753506	2.242338
29.553709	8.142137
26.514147	2.008300
28.879936	5.970202
28.245325	4.457237
30.948359	15.476886
26.747322	2.235963
32.490272	31.482656
27.041768	2.560666
26.858518	2.353446
26.826521	2.319019
30.909784	15.203190
28.012630	4.004281
99.000000	99.000000
26.751869	2.240648
32.248212	28.157018
27.251584	2.820434
25.819284	1.458333
28.419692	4.829892
26.832147	2.325034
26.426924	1.929231
30.833471	14.679595
27.489121	3.146475
28.905584	6.041130
27.261240	2.833012
99.000000	99.000000
27.371357	2.980378
31.472214	19.698875
24.341734	0.738494
24.458077	0.779140
27.695732	3.460565
28.382595	4.748067
99.000000	99.000000
28.859199	5.913417
27.807436	3.643231
28.955864	6.182600
33.319755	46.106383
26.562955	2.053958
29.000902	6.312216
30.943688	15.442881
28.917897	6.075484
26.742739	2.231250
32.840207	36.993160
25.717057	1.391271
29.287063	7.201317
26.231845	1.763472
27.441591	3.078350
29.371817	7.488029
28.185017	4.335163
27.144926	2.685251
28.459258	4.918685
27.666737	3.414673
28.750576	5.624881
28.920706	6.083302
29.974462	9.883278
28.775877	5.690848
29.699717	8.708479
26.165919	1.710741
26.326192	1.841783
28.531059	5.084057
31.286761	18.085051
27.320728	2.911694
26.473863	1.971388
30.970957	15.638053
99.000000	99.000000
29.918554	9.632062
99.000000	99.000000
28.103155	4.174774
26.492911	1.988759
31.229012	17.612593
28.070040	4.111590
99.000000	99.000000
25.724980	1.396355
27.572158	3.269125
28.039527	4.054208
30.325015	11.614596
28.865940	5.931773
27.890922	3.786036
99.000000	99.000000
27.757459	3.560344
28.685801	5.459567
28.699152	5.493256
28.873761	5.953218
27.146101	2.686707
99.000000	99.000000
29.368353	7.476079
99.000000	99.000000
28.667509	5.413758
27.348152	2.948692
29.632588	8.443288
29.838574	9.283461
27.030014	2.546845
28.366703	4.713492
27.729176	3.514271
26.782367	2.272340
30.303839	11.501918
30.449168	12.297943
26.798611	2.289402
27.542514	3.224792
30.514652	12.674538
25.050627	1.023589
29.312183	7.285055
29.079980	6.546304
28.365498	4.710859
26.243987	1.773363
32.152665	26.945534
28.713797	5.530479
26.717294	2.205254
99.000000	99.000000
27.559137	3.249570
28.973310	6.232520
28.666873	5.412226
30.905525	15.174764
27.317309	2.907112
28.625500	5.310052
27.338733	2.935938
26.764518	2.253743
30.073319	10.343426
25.921533	1.528644
29.356164	7.434232
28.387526	4.758855
30.624694	13.333333
25.480302	1.247558
29.749677	8.911062
25.921941	1.528932
99.000000	99.000000
99.000000	99.000000
29.214489	6.964542
99.000000	99.000000
28.609666	5.271467
99.000000	99.000000
28.772892	5.683009
28.130985	4.228610
29.471131	7.838474
28.261230	4.490011
28.799587	5.753269
24.751013	0.891667
29.777446	9.025988
99.000000	99.000000
28.061575	4.095577
28.205699	4.376643
27.202876	2.757874
28.352945	4.683712
25.362023	1.181420
29.106783	6.627603
99.000000	99.000000
99.000000	99.000000
27.897337	3.797255
28.027124	4.031118
28.997965	6.303624
28.633027	5.328535
99.000000	99.000000
31.337659	18.516627
30.666606	13.593865
30.033295	10.154671
26.865916	2.361478
99.000000	99.000000
26.606926	2.095972
25.609646	1.324126
28.431150	4.855435
29.119785	6.667348
26.672293	2.160024
26.732501	2.220750
28.761070	5.652163
26.619751	2.108385
27.997658	3.976768
27.089229	2.617255
27.848272	3.712386
25.866221	1.490198
28.925458	6.096677
99.000000	99.000000
29.570172	8.204214
31.981587	24.904467
25.871446	1.493788
29.849673	9.330953
27.141690	2.681249
27.983990	3.951837
29.588746	8.274632
24.775947	0.901964
29.036565	6.416684
28.577414	5.193763
28.663919	5.404855
30.280535	11.379257
27.948987	3.888645
29.485366	7.889940
30.772075	14.269802
26.870199	2.366132
29.147998	6.754540
29.284364	7.192385
27.096333	2.625830
28.985653	6.267984
28.929582	6.108238
99.000000	99.000000
28.431790	4.856907
28.311264	4.594629
28.961398	6.198440
29.248783	7.075494
26.300400	1.820037
28.712934	5.528223
27.575156	3.273630
29.429448	7.689411
28.240547	4.447436
26.062949	1.631510
27.498134	3.159556
28.503981	5.021077
99.000000	99.000000
25.994991	1.581241
25.644930	1.345817
26.785162	2.275268
27.962950	3.913718
26.904634	2.403953
24.863795	0.939202
31.357567	18.686103
27.448776	3.088552
24.969772	0.986176
25.198485	1.095713
28.925458	6.096603
28.307238	4.586139
28.220693	4.406972
29.268861	7.141313
29.128313	6.693669
27.518981	3.190043
25.236510	1.115070
29.629728	8.432452
27.483578	3.138450
31.753413	22.422826
28.322670	4.618829
28.445761	4.888220
27.857016	3.727385
99.000000	99.000000
25.994899	1.581174
28.243019	4.452500
29.316802	7.300714
28.654634	5.381799
29.679648	8.628276
27.527132	3.202036
26.455773	1.955036
27.895069	3.793289
30.460226	12.360733
28.760688	5.651199
28.153267	4.272244
29.816162	9.188265
29.732230	8.839962
29.884445	9.481615
29.524451	8.033234
28.405175	4.797740
29.775855	9.019361
99.000000	99.000000
27.855297	3.724418
29.458266	7.792046
27.477755	3.130058
27.678358	3.432983
28.539002	5.102718
26.505758	2.000560
27.057588	2.579400
28.768623	5.671835
28.842097	5.867061
29.117712	6.661061
99.000000	99.000000
29.560568	8.167856
29.063496	6.496750
25.538865	1.281661
28.168171	4.301654
29.190530	6.888214
27.806528	3.641712
26.158288	1.704737
26.826644	2.319147
28.832720	5.841791
26.360696	1.871281
24.212610	0.695860
26.788235	2.278488
29.093794	6.588064
29.139118	6.727034
29.970968	9.867394
25.973877	1.565941
30.162997	10.779689
28.134583	4.235612
28.813403	5.790003
28.355735	4.689716
27.857740	3.728607
25.086188	1.040490
26.347985	1.860362
27.236225	2.800557
28.315812	4.604312
28.441903	4.879545
27.080990	2.607341
29.074828	6.530794
27.616966	3.337287
29.640044	8.472328
25.944247	1.544719
23.113127	0.419397
27.421610	3.050164
24.742785	0.888295
25.564893	1.297116
25.784768	1.435337
28.030216	4.036862
27.760933	3.566044
28.721060	5.548942
28.809225	5.778854
26.056288	1.626513
26.515448	2.009506
28.125910	4.218752
27.371318	2.980317
99.000000	99.000000
99.000000	99.000000
99.000000	99.000000
26.883132	2.380270
25.622761	1.332148
27.159412	2.703223
27.333272	2.928558
26.945865	2.450040
27.680176	3.435857
31.199446	17.373981
29.400125	7.586153
27.450330	3.090771
99.000000	99.000000
26.752295	2.241084
24.966049	0.984487
28.267927	4.503874
99.000000	99.000000
26.515141	2.009224
28.302385	4.575883
28.219323	4.404170
24.433279	0.770293
27.951535	3.893219
28.675366	5.433443
99.000000	99.000000
27.017704	2.532451
28.607797	5.266950
29.676581	8.616184
30.365602	11.833497
29.194452	6.900667
28.013362	4.005632
29.902854	9.562454
29.063817	6.497783
28.334993	4.645140
99.000000	99.000000
25.146691	1.069887
28.018531	4.015171
27.774171	3.587843
30.393321	11.985778
28.774296	5.686641
24.768181	0.898744
29.291860	7.217262
29.764696	8.972947
26.619274	2.107920
27.741271	3.533894
28.044679	4.063846
29.242442	7.054947
28.226401	4.418567
31.723798	22.117417
99.000000	99.000000
26.003812	1.587678
99.000000	99.000000
28.012300	4.003671
29.970334	9.864552
99.000000	99.000000
30.406187	12.057276
28.507381	5.028957
27.403469	3.024776
29.290447	7.212558
26.932740	2.435280
27.150192	2.691770
31.336171	18.503937
29.980631	9.911297
26.183070	1.724305
26.456400	1.955603
99.000000	99.000000
99.000000	99.000000
29.730365	8.832280
26.760181	2.249241
26.214122	1.749137
28.336094	4.647479
24.665875	0.857383
27.726658	3.510196
30.947579	15.471757
28.735870	5.586915
28.311975	4.596181
28.539709	5.104375
30.409823	12.077159
38.494850	501.500000
24.795492	0.910119
27.820615	3.665408
30.625852	13.340274
26.935693	2.438594
27.507999	3.173957
28.751435	5.627118
31.194542	17.334135
29.275248	7.162255
27.329062	2.922888
29.624414	8.411731
27.136791	2.675212
34.436727	77.136905
28.452945	4.904460
29.424453	7.671650
28.900169	6.026037
99.000000	99.000000
29.427268	7.681537
28.753707	5.633032
24.306396	0.726573
28.840268	5.862131
28.691805	5.474673
32.479565	31.329735
99.000000	99.000000
24.496044	0.792882
27.969957	3.926371
26.921779	2.423017
99.000000	99.000000
27.286497	2.866147
25.323790	1.160802
27.726712	3.510283
28.638590	5.342209
26.702391	2.190171
28.586207	5.214810
29.079655	6.545283
28.906496	6.043648
27.933080	3.860253
28.732149	5.577410
27.983194	3.950390
26.601232	2.090479
99.000000	99.000000
30.177859	10.853693
27.077152	2.602745
30.359689	11.801253
25.377058	1.189629
25.552651	1.289823
30.434975	12.217644
28.578850	5.197207
27.812912	3.652446
31.999242	25.107188
28.598172	5.243642
30.325601	11.617627
28.994433	6.293370
27.529729	3.205871
29.888161	9.498060
28.756708	5.640862
27.980993	3.946363
99.000000	99.000000
26.446488	1.946695
25.095962	1.045183
99.000000	99.000000
32.764210	35.710459
24.449541	0.776083
31.503848	19.988014
32.545453	32.297185
27.535839	3.214898
26.120110	1.675028
28.841425	5.865252
28.749889	5.623127
29.854315	9.351084
28.899814	6.025048
29.154905	6.776161
27.512602	3.180685
30.823458	14.611657
25.620729	1.330901
26.864621	2.360067
25.092813	1.043669
28.092685	4.154661
99.000000	99.000000
27.220945	2.780924
25.255468	1.124848
27.998843	3.978959
26.678689	2.166395
27.082231	2.608831
27.670313	3.420276
29.050558	6.458166
27.744816	3.539674
25.951515	1.549898
99.000000	99.000000
28.496725	5.004358
27.240021	2.805462
28.479702	4.965238
28.130539	4.227711
25.080154	1.037602
99.000000	99.000000
28.966918	6.214164
27.321317	2.912485
29.230672	7.016740
28.012683	4.004394
29.752958	8.924652
28.291122	4.552242
26.852121	2.346519
28.518060	5.053737
26.587334	2.077144
29.028282	6.392228
28.230330	4.426550
30.295113	11.455774
26.701792	2.189568
26.656886	2.144752
28.249626	4.466052
27.758230	3.561605
29.903450	9.565050
28.814970	5.794266
26.872420	2.368559
28.732419	5.578114
99.000000	99.000000
29.119930	6.667793
25.497532	1.257495
27.259203	2.830353
27.997967	3.977363
31.381330	18.890792
99.000000	99.000000
30.497864	12.577349
25.571632	1.301148
99.000000	99.000000
29.306607	7.266540
28.622077	5.301684
99.000000	99.000000
27.901949	3.805297
30.046133	10.214629
28.494986	5.000325
28.730158	5.572285
29.168248	6.817924
99.000000	99.000000
28.863498	5.925116
26.220509	1.754292
31.639511	21.275690
26.399739	1.905234
28.802250	5.760328
24.932904	0.969574
27.022729	2.538317
28.634940	5.333210
27.886712	3.778682
30.387255	11.952571
28.443041	4.882112
25.427016	1.217316
24.136813	0.671990
28.858060	5.910364
28.873723	5.953078
26.064253	1.632490
25.322322	1.160017
29.096672	6.596849
30.926986	15.325035
30.695886	13.778094
24.805096	0.914153
28.638993	5.343192
28.398374	4.782693
26.757783	2.246758
24.687038	0.865780
26.519172	2.012954
31.037759	16.126658
28.501248	5.014711
99.000000	99.000000
29.236729	7.036291
29.355264	7.431112
28.837845	5.855546
29.499858	7.942780
28.721863	5.551043
27.893415	3.790386
28.532379	5.087161
28.429155	4.850971
28.352516	4.682784
29.569150	8.200256
28.048613	4.071205
99.000000	99.000000
99.000000	99.000000
25.090948	1.042773
31.722736	22.108504
29.366776	7.470588
26.573935	2.064367
28.843331	5.870391
99.000000	99.000000
27.106932	2.638682
29.296507	7.232789
29.381356	7.520957
28.439862	4.874947
27.819959	3.664295
24.619424	0.839238
24.702398	0.871926
28.169800	4.304850
25.829835	1.465437
30.468385	12.407482
26.099366	1.659104
28.757226	5.642186
27.802303	3.634635
28.021335	4.020382
26.916215	2.416813
99.000000	99.000000
31.910548	24.106915
27.015832	2.530273
28.549855	5.128261
99.000000	99.000000
29.566816	8.191438
31.230360	17.621429
28.672325	5.425842
29.490243	7.907704
27.175920	2.723858
26.041113	1.615188
28.954869	6.179759
28.531256	5.084563
26.584363	2.074304
26.873944	2.370223
25.376685	1.189425
25.287842	1.141743
26.895399	2.393753
28.943361	6.147181
27.986129	3.955717
28.000787	3.982522
99.000000	99.000000
25.122222	1.057899
26.890545	2.388414
27.570778	3.267054
28.189290	4.343692
28.255119	4.477377
27.453530	3.095322
28.495556	5.001626
29.175489	6.840664
24.396927	0.757505
25.459055	1.235410
32.662492	34.075494
30.110300	10.520921
27.495449	3.155656
99.000000	99.000000
27.490660	3.148695
28.999087	6.306881
23.720302	0.554703
23.995436	0.629633
32.671355	34.216628
30.647712	13.474850
29.016281	6.357001
26.849613	2.343813
28.564661	5.163347
26.256643	1.783728
99.000000	99.000000
31.800263	22.911811
25.927575	1.532905
28.053482	4.080349
30.268511	11.316302
29.670152	8.590849
28.213966	4.393322
28.941066	6.140611
27.196585	2.749896
29.863467	9.390741
28.388879	4.761865
28.655547	5.384033
28.171955	4.309132
29.429962	7.691216
28.009466	3.998449
26.082031	1.645912
29.757812	8.944796
26.372746	1.881696
34.280496	71.747423
31.005214	15.885916
27.456686	3.099827
29.005845	6.326649
29.625721	8.416761
29.185544	6.872432
27.426886	3.057579
27.496748	3.157547
99.000000	99.000000
30.162492	10.777003
27.958005	3.904824
27.740377	3.532456
27.749328	3.547042
26.173758	1.716925
30.297109	11.465948
32.314788	29.037099
26.454462	1.953857
31.541359	20.334988
28.016851	4.012105
31.283924	18.063295
28.307124	4.585910
28.018986	4.016016
30.290137	11.429784
99.000000	99.000000
30.086173	10.404893
30.423368	12.152562
27.869715	3.749241
27.202826	2.757809
28.428772	4.850153
24.366080	0.746820
28.163260	4.291930
28.857454	5.908669
28.873107	5.951475
27.353100	2.955419
26.859643	2.354661
99.000000	99.000000
28.934291	6.121562
23.946565	0.615620
99.000000	99.000000
28.496208	5.003104
28.185997	4.337102
30.019058	10.088032
28.944511	6.150401
29.526344	8.040339
27.222676	2.783147
26.953681	2.458878
27.056253	2.577804
25.103535	1.048835
99.000000	99.000000
99.000000	99.000000
29.591649	8.285597
30.856165	14.833663
99.000000	99.000000
25.913155	1.522758
25.852483	1.480802
27.886836	3.778928
28.678897	5.442259
30.160476	10.767099
26.803327	2.294384
99.000000	99.000000
28.274045	4.516595
29.288021	7.204505
27.941070	3.874488
25.291636	1.143740
23.751130	0.562634
28.682344	5.450885
99.000000	99.000000
29.688413	8.663389
28.728878	5.568974
27.200665	2.755072
30.141758	10.674681
27.189294	2.740686
99.000000	99.000000
26.807014	2.298285
28.673604	5.429026
33.408780	48.066975
27.385392	2.999712
29.954602	9.793037
99.000000	99.000000
27.313827	2.902456
27.992433	3.967232
28.901431	6.029557
27.493958	3.153494
99.000000	99.000000
26.662951	2.150748
30.379373	11.908949
29.058330	6.481411
32.523043	31.958121
30.397854	12.010387
29.351971	7.419841
27.506556	3.171834
99.000000	99.000000
24.271886	0.715117
29.281055	7.181434
27.903916	3.808759
31.059147	16.286207
99.000000	99.000000
28.043926	4.062432
28.790319	5.728782
28.310600	4.593232
26.900369	2.399238
26.692633	2.180355
27.607395	3.322603
27.218429	2.777705
30.817217	14.569518
25.304857	1.150725
26.904922	2.404280
26.447031	1.947180
28.106567	4.181338
26.941254	2.444845
25.387367	1.195290
29.580230	8.242391
27.587313	3.292025
29.211859	6.956208
28.382692	4.748292
99.000000	99.000000
26.477718	1.974891
29.054505	6.469882
28.618117	5.292044
26.970531	2.478023
27.998190	3.977769
27.376131	2.986938
27.512899	3.181109
27.756358	3.558536
29.331660	7.350840
27.248910	2.816972
28.701119	5.498232
29.384000	7.530109
29.075106	6.531613
27.637203	3.368528
99.000000	99.000000
34.619279	83.809859
28.550284	5.129259
28.329641	4.633680
30.532235	12.777306
27.139312	2.678316
29.980524	9.910520
26.218019	1.752282
24.696210	0.869445
26.125378	1.679097
26.814461	2.306172
99.000000	99.000000
28.388780	4.761660
28.292585	4.555311
26.769570	2.258989
27.299724	2.883666
29.708979	8.745908
29.001335	6.313417
29.125059	6.683552
99.000000	99.000000
29.636543	8.458786
28.225215	4.416140
27.807912	3.644017
27.262199	2.834262
24.455146	0.778089
28.152771	4.271245
99.000000	99.000000
28.408830	4.805788
32.198565	27.525758
24.378811	0.751212
29.172799	6.832143
27.604307	3.317889
27.286069	2.865593
99.000000	99.000000
99.000000	99.000000
26.220248	1.754081
99.000000	99.000000
29.947027	9.758952
30.296966	11.465755
27.151200	2.693022
32.004733	25.176172
25.533901	1.278734
99.000000	99.000000
27.292543	2.874148
26.151736	1.699604
99.000000	99.000000
99.000000	99.000000
24.083903	0.655814
27.095854	2.625251
28.416708	4.823287
29.313451	7.289426
25.979528	1.570021
27.856820	3.727045
29.388998	7.547365
28.687420	5.463685
99.000000	99.000000
28.579144	5.197909
99.000000	99.000000
29.077610	6.539126
27.342887	2.941559
26.385526	1.892802
27.849604	3.714682
27.570234	3.266226
29.249218	7.076927
26.020069	1.599610
99.000000	99.000000
27.433932	3.067524
29.127001	6.689609
28.210973	4.387292
99.000000	99.000000
28.031491	4.039222
20.629275	0.133615
30.635362	13.399282
31.562213	20.531619
99.000000	99.000000
28.987104	6.272198
29.346962	7.402784
26.421394	1.924325
27.285276	2.864542
28.056741	4.086485
30.191372	10.921517
99.000000	99.000000
27.131443	2.668632
29.101360	6.611058
99.000000	99.000000
32.401465	30.214612
26.425833	1.928265
24.906166	0.957708
24.761677	0.896057
30.079727	10.373978
99.000000	99.000000
23.938861	0.613440
24.429029	0.768786
29.525643	8.037599
99.000000	99.000000
27.686178	3.445372
29.720080	8.790434
28.334360	4.643794
28.759960	5.649231
27.426043	3.056395
29.524942	8.034993
26.335721	1.849884
27.705016	3.475390
34.634680	84.450000
31.597570	20.868031
30.478797	12.466584
23.836174	0.585107
28.374450	4.730304
26.847759	2.341812
30.854017	14.818401
27.746995	3.543231
29.474940	7.852149
29.064458	6.499683
27.555874	3.244694
29.422346	7.664297
26.277989	1.801350
23.959069	0.619176
28.728137	5.567098
99.000000	99.000000
28.955076	6.180367
29.143351	6.740096
26.398125	1.903816
26.061491	1.630415
26.689232	2.176943
25.086222	1.040505
27.551687	3.238456
25.024456	1.011326
25.408326	1.206882
30.239564	11.166584
30.054777	10.255364
24.856738	0.936154
32.508721	31.752016
27.383684	2.997341
28.862164	5.921491
24.223119	0.699236
28.043012	4.060714
30.200475	10.967164
28.260946	4.489419
28.010387	4.000176
99.000000	99.000000
28.600054	5.248251
27.873216	3.755285
27.920182	3.837400
28.134894	4.236218
28.482623	4.971918
28.842770	5.868839
28.459284	4.918755
28.425533	4.842906
25.181817	1.087335
25.037555	1.017445
26.476025	1.973352
27.121154	2.656019
99.000000	99.000000
30.060502	10.282618
26.189659	1.729545
27.757665	3.560666
28.769496	5.674147
29.699553	8.707840
27.856639	3.726730
25.814453	1.455093
32.356786	29.605609
27.215894	2.774459
26.941546	2.445168
27.159658	2.703529
26.315841	1.833023
27.815348	3.656532
29.608779	8.351304
27.415094	3.041014
28.489678	4.988132
28.695358	5.483657
29.396134	7.572362
28.490624	4.990288
20.802432	0.144706
28.189290	4.343692
25.767711	1.424105
29.190787	6.888947
27.024192	2.540030
26.645850	2.133880
99.000000	99.000000
28.041242	4.057405
28.610149	5.272672
29.177319	6.846442
27.023338	2.539025
28.749477	5.622037
30.308445	11.526372
29.072146	6.522677
99.000000	99.000000
25.399900	1.202208
28.823680	5.817483
28.102739	4.173940
24.933829	0.969987
25.600170	1.318359
26.239557	1.769747
26.343616	1.856620
33.261296	44.919355
29.515519	8.000128
99.000000	99.000000
28.045450	4.065296
32.312959	29.018519
28.738653	5.594117
25.570625	1.300544
27.870922	3.751340
28.345894	4.668519
99.000000	99.000000
27.576705	3.275985
28.936694	6.128291
27.071386	2.595840
28.254770	4.476683
29.151670	6.766068
28.700332	5.496209
30.002718	10.012531
29.059379	6.484526
28.804053	5.765115
25.115887	1.054818
29.006715	6.329194
24.474613	0.785096
27.857604	3.728391
99.000000	99.000000
27.495255	3.155379
30.154201	10.736169
99.000000	99.000000
29.321093	7.315015
30.050446	10.235177
27.476362	3.128052
29.324468	7.326463
27.696356	3.461561
99.000000	99.000000
27.849260	3.714083
27.994674	3.971328
26.157452	1.704081
28.994261	6.292848
29.043157	6.436164
99.000000	99.000000
99.000000	99.000000
24.698494	0.870360
28.003304	3.987155
26.736358	2.224703
26.247287	1.776061
27.576670	3.275922
25.225276	1.109316
27.115470	2.649078
26.164560	1.709667
27.912598	3.824026
23.794828	0.574071
30.792382	14.403527
29.043787	6.438034
28.218039	4.401562
26.914181	2.414552
28.828836	5.831304
99.000000	99.000000
25.246316	1.120116
27.440850	3.077311
31.780496	22.702577
28.478712	4.963004
27.728117	3.512560
26.378574	1.886751
28.643279	5.353722
29.187546	6.878679
27.618164	3.339131
32.594077	33.026172
27.425172	3.055164
27.011746	2.525506
29.470864	7.837469
28.161981	4.289397
29.657961	8.542655
26.490985	1.986999
27.552439	3.239576
26.177683	1.720033
27.445322	3.083650
27.678959	3.433930
25.971486	1.564217
25.920427	1.527868
99.000000	99.000000
27.136892	2.675332
26.858584	2.353518
28.663634	5.404135
24.916952	0.962477
25.935857	1.538762
99.000000	99.000000
99.000000	99.000000
27.334940	2.930810
28.589726	5.223311
30.155203	10.741001
30.427223	12.174448
25.732933	1.401479
26.769565	2.258983
29.111180	6.640999
29.531057	8.057785
28.290987	4.551946
28.385511	4.754464
31.053402	16.243008
28.126239	4.219370
99.000000	99.000000
26.437527	1.938677
30.668815	13.606739
28.834017	5.845258
99.000000	99.000000
26.433750	1.935309
30.523232	12.724579
27.195239	2.748204
28.794174	5.739016
28.633643	5.330028
26.188724	1.728801
28.649239	5.368436
99.000000	99.000000
24.691885	0.867715
28.034755	4.045297
27.480364	3.133818
29.372670	7.490882
27.271281	2.846139
27.550708	3.236994
27.585033	3.288568
30.622380	13.318964
28.645896	5.360178
30.639463	13.424761
99.000000	99.000000
29.409035	7.617268
26.560484	2.051621
28.867890	5.937185
99.000000	99.000000
28.807378	5.774029
28.204140	4.373501
27.197505	2.751061
29.476682	7.858519
29.521442	8.022202
27.805607	3.640161
27.774311	3.588073
28.738109	5.592725
28.253987	4.475038
27.015394	2.529758
25.604293	1.320865
27.899970	3.801850
28.156303	4.278168
28.142873	4.251790
29.780458	9.038314
99.000000	99.000000
30.084176	10.395397
27.046899	2.566727
26.680464	2.168167
30.776728	14.301022
25.390922	1.197249
27.186988	2.737773
29.395325	7.569358
99.000000	99.000000
29.082356	6.553513
28.654949	5.382547
99.000000	99.000000
28.957151	6.186261
29.072654	6.524241
29.353886	7.426428
27.982787	3.949644
28.271766	4.511848
26.368598	1.878104
28.695194	5.483253
29.093511	6.587260
25.800375	1.445690
29.180530	6.856565
27.974436	3.934488
31.046548	16.191400
28.591149	5.226745
31.243250	17.726273
29.698236	8.702514
28.189536	4.344185
26.296436	1.816716
28.313146	4.598642
29.567690	8.194883
25.440925	1.225137
30.667810	13.600629
99.000000	99.000000
27.200698	2.755118
99.000000	99.000000
29.406266	7.607709
28.083057	4.136307
26.370354	1.879624
26.699016	2.186769
28.937510	6.130567
25.638266	1.341692
27.648211	3.385649
27.383216	2.996704
99.000000	99.000000
28.459625	4.919529
28.895213	6.012326
99.000000	99.000000
99.000000	99.000000
28.141010	4.248182
27.567065	3.261462
28.772296	5.681472
27.963166	3.914099
27.707944	3.480065
26.179425	1.721412
26.846159	2.340082
27.818313	3.661532
30.083942	10.394231
99.000000	99.000000
28.241858	4.450115
27.707813	3.479862
26.704236	2.192032
99.000000	99.000000
27.305990	2.892000
30.961177	15.567378
27.611611	3.329055
30.129090	10.612794
27.657974	3.400907
29.720752	8.793165
29.012383	6.345695
29.201246	6.922229
29.940326	9.728727
27.081854	2.608375
26.803305	2.294356
28.555151	5.140834
99.000000	99.000000
28.307740	4.587210
27.688204	3.448582
29.688902	8.665265
28.311402	4.594916
28.386100	4.755756
99.000000	99.000000
99.000000	99.000000
26.372081	1.881120
25.683793	1.370120
28.825298	5.821821
25.914938	1.524010
28.396885	4.779450
28.891178	6.001152
29.321093	7.315122
27.719538	3.498696
29.791691	9.085101
27.607959	3.323466
27.050747	2.571278
27.973595	3.932961
99.000000	99.000000
99.000000	99.000000
28.448671	4.894772
29.407587	7.612331
26.043115	1.616676
31.655853	21.437960
28.091168	4.151774
31.583476	20.733448
28.042189	4.059185
26.803139	2.294180
99.000000	99.000000
27.800784	3.632099
99.000000	99.000000
27.248789	2.816818
28.896273	6.015306
29.262843	7.121412
29.604773	8.336043
30.278428	11.368312
99.000000	99.000000
99.000000	99.000000
28.516729	5.050661
27.208672	2.765249
29.180888	6.857600
30.223572	11.084531
26.111161	1.668137
99.000000	99.000000
28.311631	4.595422
28.137684	4.241683
30.650081	13.490264
26.404404	1.909332
26.697786	2.185536
27.668106	3.416818
28.805064	5.767890
99.000000	99.000000
27.595581	3.304588
29.300605	7.246429
99.000000	99.000000
27.519898	3.191386
29.203381	6.929086
99.000000	99.000000
26.297917	1.817956
26.831126	2.323945
27.404513	3.026229
99.000000	99.000000
27.093686	2.622628
26.112987	1.669543
28.723839	5.556029
99.000000	99.000000
99.000000	99.000000
28.821954	5.812840
29.278595	7.173305
28.669357	5.418396
99.000000	99.000000
28.042118	4.059049
31.687238	21.751656
28.410035	4.808509
29.489496	7.904893
28.553603	5.137123
27.550856	3.237204
27.372138	2.981449
99.000000	99.000000
32.288559	28.693004
26.603146	2.092324
27.415998	3.042279
99.000000	99.000000
99.000000	99.000000
28.856696	5.906604
30.740697	14.064293
28.762771	5.656577
27.225067	2.786201
25.565819	1.297669
25.320080	1.158819
28.828799	5.831276
28.244764	4.456087
30.738980	14.054513
28.024305	4.025884
26.287575	1.809317
28.346888	4.670637
29.055687	6.473536
30.020164	10.093521
99.000000	99.000000
99.000000	99.000000
28.385290	4.753972
32.212639	27.706063
29.477755	7.862335
28.928691	6.105726
28.228332	4.422480
26.841194	2.334742
31.042570	16.161703
28.432533	4.858579
99.000000	99.000000
26.294639	1.815216
30.723860	13.956175
30.268929	11.318601
28.025326	4.027774
26.788681	2.278961
28.062796	4.097867
25.876463	1.497245
30.673246	13.634690
28.491327	4.991876
30.864559	14.891353
26.506115	2.000889
28.007715	3.995259
26.709062	2.196908
27.928302	3.851757
29.670713	8.593074
26.533271	2.026071
28.270727	4.509650
28.830203	5.835007
28.100925	4.170467
27.237494	2.802200
26.421731	1.924627
27.326922	2.920013
26.376867	1.885269
26.753773	2.242614
26.464991	1.963353
26.071805	1.638177
26.929083	2.431174
27.391987	3.008827
25.799213	1.444915
26.210968	1.746601
26.402336	1.907510
27.301414	2.885908
27.297145	2.880242
25.930393	1.534896
26.628474	2.116873
27.881948	3.770411
26.570668	2.061264
27.839375	3.697209
27.853311	3.721031
27.388033	3.003355
