#	mag	magerr
26.185675	1.726372
23.909530	0.605210
25.786199	1.436282
22.061158	0.258364
23.376052	0.473380
25.934455	1.537768
24.355357	0.743141
23.386705	0.475709
24.919128	0.963442
25.344977	1.172183
26.193792	1.732841
24.748611	0.890681
27.114252	2.647593
24.323821	0.732427
23.346369	0.466954
27.387730	3.002931
27.649182	3.387153
26.545642	2.037642
23.917126	0.607331
27.896570	3.795914
25.952653	1.550710
26.348255	1.860593
28.016188	4.010859
25.029700	1.013772
26.726798	2.214928
24.828822	0.924197
28.549170	5.126630
26.355806	1.867073
24.085783	0.656382
25.591623	1.313181
26.329896	1.844928
26.667415	2.155178
25.887966	1.505196
25.921596	1.528689
26.004959	1.588517
27.548481	3.233675
26.292255	1.813225
22.479882	0.313312
25.074885	1.035087
26.353794	1.865343
26.570756	2.061349
27.186256	2.736856
24.653605	0.852552
25.647300	1.347286
26.851828	2.346205
27.238236	2.803157
27.121683	2.656656
23.525947	0.507212
26.452284	1.951896
26.105180	1.663551
26.701017	2.188786
26.331531	1.846317
27.425506	3.055629
22.871643	0.375257
25.317716	1.157560
24.940974	0.973184
26.299756	1.819495
26.496792	1.992315
26.340379	1.853858
26.611290	2.100187
26.716872	2.204824
27.662391	3.407837
25.864106	1.488747
99.000000	99.000000
26.677823	2.165536
25.910351	1.520794
24.640001	0.847228
27.184956	2.735211
27.689379	3.450449
26.652689	2.140610
24.546235	0.811423
25.020760	1.009606
25.573310	1.302153
25.520072	1.270617
27.145506	2.685970
25.042540	1.019783
27.472312	3.122213
25.102182	1.048181
25.493757	1.255312
25.695189	1.377330
26.659797	2.147631
26.257389	1.784340
26.018587	1.598515
23.661171	0.539802
25.277948	1.136552
25.735012	1.402821
24.132200	0.670564
27.587678	3.292567
25.942487	1.543467
25.369418	1.185451
26.895163	2.393495
25.572953	1.301938
25.901590	1.514670
26.398597	1.904231
25.794549	1.441814
24.637202	0.846137
26.198752	1.736803
27.086993	2.614556
26.134748	1.686357
25.324050	1.160940
26.728701	2.216868
28.627860	5.315870
28.540672	5.106605
26.187676	1.727967
25.421239	1.214081
27.355245	2.958350
25.483580	1.249441
26.848397	2.342501
24.492579	0.791618
26.281553	1.804307
26.332690	1.847300
26.246202	1.775172
25.092073	1.043313
25.810222	1.452260
27.161302	2.705583
26.841419	2.334985
26.241306	1.771174
24.950566	0.977492
26.237821	1.768333
26.421414	1.924346
24.241838	0.705290
25.639496	1.342452
26.603859	2.093011
23.641560	0.534949
27.227514	2.789352
25.931934	1.535983
29.676178	8.614620
99.000000	99.000000
26.988222	2.498296
26.233463	1.764788
24.372783	0.749129
26.326413	1.841968
25.389949	1.196712
27.295534	2.878100
27.868907	3.747854
26.455354	1.954660
26.484455	1.981029
24.663839	0.856579
26.686580	2.174284
25.674921	1.364533
24.729960	0.883063
26.804826	2.295966
26.811894	2.303454
26.204920	1.741741
25.424966	1.216166
24.415405	0.763978
25.209034	1.101050
27.477180	3.129225
24.935326	0.970655
26.278038	1.801390
25.417796	1.212158
25.715604	1.390339
24.706056	0.873396
20.683073	0.136967
24.217226	0.697341
26.105835	1.664051
27.087684	2.615392
25.240528	1.117135
28.092797	4.154885
26.902083	2.401131
26.953779	2.458986
25.918589	1.526574
26.442156	1.942812
26.633858	2.122129
26.940339	2.443807
26.928563	2.430595
26.600416	2.089699
29.429962	7.691275
26.334214	1.848599
26.830874	2.323670
21.943844	0.244776
24.599577	0.831601
25.287443	1.141533
26.933513	2.436142
27.364521	2.971004
24.726553	0.881679
25.723554	1.395438
25.794813	1.441991
23.538719	0.510204
23.855283	0.590278
29.286895	7.200819
26.335792	1.849943
27.207410	2.763643
28.075302	4.121543
26.146601	1.695587
24.223486	0.699354
26.078050	1.642895
21.851290	0.234562
24.977088	0.989504
27.046363	2.566092
25.206440	1.099735
23.851559	0.589267
25.939388	1.541265
25.404696	1.204868
24.858971	0.937118
28.417264	4.824523
24.240309	0.704793
25.218694	1.105959
24.329050	0.734192
23.804641	0.576671
27.677219	3.431187
26.278722	1.801956
27.229002	2.791260
26.637115	2.125314
26.664897	2.152677
26.945506	2.449633
28.099019	4.166800
27.662467	3.407958
25.208210	1.100631
27.522035	3.194538
26.030672	1.607439
29.487395	7.897406
23.471450	0.494641
26.721574	2.209609
26.107303	1.665180
23.854699	0.590119
22.705795	0.347663
25.547143	1.286556
21.082484	0.164625
26.616166	2.104909
25.590130	1.312279
25.595708	1.315655
22.425739	0.305596
26.408631	1.913048
23.860895	0.591806
25.559497	1.293895
25.513958	1.267044
25.740523	1.406386
26.537352	2.029877
25.893483	1.509024
23.400461	0.478732
25.515358	1.267861
26.020756	1.600114
26.039647	1.614097
24.811556	0.916878
27.933695	3.861352
25.212650	1.102884
24.614587	0.837370
26.979602	2.488399
26.187890	1.728137
26.773684	2.263271
24.326744	0.733413
26.439389	1.940337
26.504251	1.999173
24.062557	0.649398
27.102150	2.632873
27.292534	2.874133
25.412490	1.209199
27.102617	2.633443
26.807341	2.298628
26.091811	1.653339
25.992020	1.579079
26.641646	2.129752
26.038561	1.613290
26.250590	1.778764
27.348501	2.949171
26.223185	1.756453
26.575523	2.065874
25.761935	1.420322
24.065521	0.650286
26.470782	1.968598
25.887919	1.505163
26.514865	2.008968
25.705474	1.383869
24.408169	0.761437
25.647046	1.347129
26.084254	1.647594
25.280962	1.138132
25.610879	1.324876
24.929162	0.967904
24.594584	0.829692
26.836228	2.329410
25.933472	1.537071
25.955620	1.552830
25.044915	1.020900
27.322349	2.913863
21.960235	0.246631
25.318198	1.157816
24.805949	0.914512
26.561948	2.053001
23.320448	0.461413
25.971449	1.564190
26.129284	1.682120
25.732346	1.401101
26.648523	2.136511
25.975419	1.567053
25.470764	1.242089
26.969904	2.477311
30.966717	15.607308
25.352881	1.176458
26.136503	1.687721
99.000000	99.000000
26.026606	1.604430
26.860197	2.355264
24.398095	0.757912
26.423474	1.926172
25.518440	1.269660
25.933726	1.537251
22.861775	0.373555
25.011744	1.005423
26.408369	1.912820
24.844305	0.930810
26.988778	2.498945
26.897099	2.395627
24.206917	0.694038
26.400599	1.905984
23.775395	0.568956
24.455290	0.778141
24.839469	0.928739
26.343683	1.856680
26.057403	1.627347
24.711718	0.875676
27.191874	2.743947
25.383346	1.193079
25.421999	1.214507
22.369280	0.297753
26.355715	1.866994
28.346486	4.669800
26.780490	2.270375
27.310157	2.897554
27.789130	3.612652
26.492473	1.988357
26.153292	1.700819
27.083755	2.610668
25.059575	1.027815
25.631933	1.337786
26.106316	1.664420
26.116479	1.672229
27.292830	2.874520
24.519019	0.801316
24.791929	0.908627
27.254551	2.824298
27.771979	3.584242
26.062952	1.631512
28.069544	4.110610
27.612634	3.330630
29.004282	6.322062
25.786452	1.436450
25.890969	1.507279
26.130053	1.682713
23.683840	0.545466
25.304368	1.150465
24.793367	0.909229
26.292655	1.813557
26.339921	1.853466
25.803766	1.447948
26.510200	2.004654
23.552789	0.513520
25.025207	1.011676
26.667092	2.154853
26.879889	2.376718
24.650911	0.851495
26.864760	2.360219
25.415501	1.210877
28.497241	5.005512
25.023427	1.010847
26.228124	1.760454
24.425354	0.767486
24.656006	0.853495
26.201355	1.738886
25.964144	1.558939
26.506054	2.000833
26.067499	1.634932
25.301049	1.148709
27.100879	2.631329
28.487789	4.983781
26.593978	2.083508
27.608151	3.323755
26.208447	1.744574
26.351583	1.863443
26.498452	1.993842
24.935219	0.970608
26.617962	2.106649
28.381640	4.746013
24.940020	0.972756
26.166685	1.711342
99.000000	99.000000
26.978077	2.486656
27.393719	3.011226
25.795373	1.442362
26.811866	2.303420
26.818702	2.310686
26.530320	2.023318
25.986455	1.575039
25.195524	1.094221
26.805278	2.296442
26.672146	2.159877
25.030704	1.014240
26.533565	2.026345
23.883158	0.597904
25.592886	1.313945
25.602539	1.319798
26.564179	2.055112
24.029860	0.639694
27.279695	2.857187
26.020594	1.599994
25.869420	1.492395
26.410345	1.914560
28.497949	5.007145
26.608530	2.097517
23.069984	0.411147
28.058901	4.090539
25.838755	1.471468
27.116256	2.650032
26.426314	1.928690
26.536534	2.029118
26.124426	1.678361
25.918811	1.526728
25.825948	1.462815
26.973970	2.481954
25.921883	1.528892
23.935601	0.612520
26.242499	1.772147
25.089329	1.041995
25.609051	1.323764
25.613703	1.326602
23.629999	0.532108
26.167742	1.712175
24.278932	0.717441
27.121246	2.656124
26.289617	1.811018
26.660278	2.148107
25.531434	1.277281
27.229120	2.791409
23.446309	0.488947
24.698222	0.870251
27.126436	2.662480
26.000377	1.585169
22.845968	0.370846
25.812345	1.453680
26.957376	2.463063
23.919174	0.607904
25.660558	1.355538
26.254796	1.782209
26.711082	2.198957
24.953358	0.978750
26.710079	2.197943
24.886200	0.948943
26.145500	1.694727
21.709349	0.219720
30.663801	13.575194
26.328633	1.843854
26.705327	2.193139
27.222869	2.783395
24.776057	0.902010
27.499295	3.161255
25.689122	1.373486
27.934457	3.862702
26.103373	1.662165
25.265917	1.130274
27.905950	3.812339
26.116394	1.672165
27.976303	3.937849
26.221120	1.754788
24.511094	0.798396
26.087687	1.650203
20.661662	0.135623
27.423966	3.053471
25.351572	1.175748
27.097696	2.627472
24.166162	0.681134
24.775450	0.901758
25.649332	1.348548
23.594027	0.523366
25.607566	1.322858
25.461585	1.236849
26.823565	2.315867
25.040661	1.018902
23.297389	0.456539
26.674915	2.162633
26.314529	1.831915
26.620886	2.109486
24.070491	0.651776
26.863370	2.358707
27.455800	3.098565
26.393785	1.900016
24.675679	0.861262
24.084720	0.656061
26.955928	2.461416
27.207916	2.764289
27.200525	2.754891
26.550952	2.042633
24.960650	0.982042
25.862827	1.487871
17.938785	0.038704
27.470588	3.119732
25.288037	1.141846
26.023798	1.602358
25.792445	1.440420
28.130966	4.228570
26.128517	1.681527
24.763835	0.896947
27.411276	3.035672
27.817033	3.659386
24.792047	0.908677
27.202942	2.757958
26.040120	1.614447
26.694566	2.182295
26.603374	2.092545
24.659403	0.854832
24.912614	0.960557
28.362202	4.703704
27.046720	2.566516
25.953217	1.551114
26.728856	2.217026
25.308118	1.152454
26.345867	1.858547
23.396117	0.477775
27.015603	2.530001
26.854203	2.348773
29.736906	8.858813
25.870790	1.493338
99.000000	99.000000
27.726270	3.509570
26.917313	2.418035
25.979359	1.569898
27.279252	2.856609
28.118323	4.204008
25.751386	1.413439
26.068904	1.635990
27.386468	3.001189
24.444333	0.774224
26.344608	1.857469
24.437033	0.771626
22.978255	0.394140
26.880122	2.376974
24.887656	0.949580
25.218519	1.105869
24.030611	0.639915
25.017928	1.008291
27.727501	3.511567
24.554507	0.814519
24.778151	0.902880
26.834921	2.328011
24.381343	0.752088
23.434209	0.486230
26.290276	1.811570
26.431151	1.932990
25.713664	1.389097
27.284928	2.864085
24.099942	0.660676
27.206134	2.762021
26.574610	2.065009
27.142393	2.682121
27.158579	2.702195
24.963280	0.983232
26.752938	2.241754
25.290372	1.143073
26.741508	2.229983
27.408807	3.032226
26.200843	1.738477
27.051688	2.572396
99.000000	99.000000
26.215808	1.750497
26.127765	1.680942
26.783197	2.273205
25.570899	1.300708
26.554864	2.046317
26.537281	2.029813
25.676964	1.365818
25.710142	1.386848
27.227278	2.789040
26.838256	2.331586
28.303818	4.578950
28.047246	4.068632
24.571576	0.820947
25.670631	1.361842
26.315622	1.832841
24.953886	0.978988
23.832503	0.584118
24.619541	0.839282
28.097004	4.162955
25.801832	1.446659
25.271573	1.133221
29.052099	6.462785
25.724383	1.395972
27.248436	2.816354
25.106879	1.050451
26.392833	1.899180
25.753455	1.414788
27.632188	3.360753
28.559377	5.150775
24.579522	0.823957
26.626694	2.115138
99.000000	99.000000
27.059728	2.581937
26.385351	1.892647
28.359323	4.697493
24.105287	0.662304
27.988527	3.960104
25.611380	1.325183
27.615359	3.334820
26.259957	1.786453
26.734635	2.222933
25.852974	1.481136
26.654616	2.142512
24.331636	0.735067
25.287927	1.141788
27.119753	2.654307
25.867463	1.491050
25.889761	1.506440
27.475874	3.127339
27.273253	2.848732
27.661950	3.407149
26.371501	1.880618
24.522579	0.802631
26.538830	2.031263
26.154446	1.701723
26.941221	2.444802
28.078405	4.127462
26.921555	2.422760
26.746557	2.235172
23.775250	0.568918
24.868989	0.941451
28.156124	4.277848
30.486418	12.510878
27.788082	3.610913
26.367894	1.877493
26.801386	2.292329
24.891242	0.951148
25.710274	1.386931
26.515501	2.009555
27.155270	2.698071
26.187216	1.727598
24.516254	0.800296
27.236114	2.800420
28.912939	6.061581
28.416783	4.823414
26.603431	2.092602
26.913150	2.413401
26.971031	2.478599
27.106494	2.638152
29.725801	8.813641
25.821242	1.459648
28.026189	4.029387
27.946331	3.883879
27.070669	2.594975
25.022419	1.010377
27.031840	2.548993
99.000000	99.000000
24.428630	0.768645
26.565528	2.056390
27.242442	2.808585
26.010271	1.592407
26.208923	1.744955
27.576856	3.276206
26.071342	1.637830
27.709879	3.483166
26.769637	2.259056
25.950856	1.549427
26.809673	2.301097
26.696843	2.184582
27.425212	3.055222
28.156482	4.278544
23.617411	0.529032
26.205684	1.742357
28.878969	5.967523
26.392610	1.898988
23.245193	0.445696
27.860324	3.733061
26.975958	2.484226
25.283366	1.139392
23.076600	0.412401
26.350373	1.862409
26.941598	2.445231
24.587233	0.826888
25.295472	1.145762
24.463897	0.781231
27.010680	2.524271
26.519683	2.013431
29.364295	7.461997
23.102937	0.417434
28.116215	4.199944
27.863719	3.738893
24.984345	0.992817
26.979246	2.487991
24.532986	0.806487
99.000000	99.000000
28.393839	4.772711
27.524608	3.198324
27.258698	2.829695
28.241191	4.448770
27.434576	3.068430
26.571167	2.061738
23.375830	0.473332
28.864642	5.928235
25.765375	1.422575
24.683837	0.864505
29.994369	9.973936
27.710077	3.483509
24.859962	0.937546
26.301566	1.821011
26.449426	1.949329
23.441048	0.487764
27.362702	2.968523
26.783960	2.274007
99.000000	99.000000
27.256536	2.826878
26.198853	1.736884
26.451156	1.950884
27.554104	3.242067
25.272374	1.133639
27.240029	2.805469
26.117262	1.672834
26.696175	2.183915
24.657292	0.854001
26.983954	2.493388
26.222382	1.755807
25.041402	1.019249
28.487681	4.983534
27.604475	3.318136
24.622013	0.840238
24.085167	0.656196
25.117609	1.055655
24.581674	0.824774
26.449438	1.949339
27.348888	2.949701
26.250295	1.778520
25.059275	1.027673
27.532388	3.209796
25.418362	1.212474
27.592373	3.299715
26.396591	1.902472
25.980845	1.570975
26.914226	2.414604
27.391260	3.007817
26.709062	2.196908
25.784531	1.435180
25.183203	1.088029
28.189618	4.344324
27.525608	3.199797
26.772433	2.261970
27.768011	3.577682
26.199541	1.737436
26.401297	1.906599
27.238577	2.803598
24.733283	0.884416
26.180506	1.722270
21.589759	0.207947
26.045143	1.618185
26.909659	2.409525
28.743659	5.607017
28.182001	4.329117
24.841067	0.929423
27.180586	2.729717
31.330240	18.451141
28.523341	5.066035
26.873133	2.369340
28.815626	5.795922
24.966633	0.984752
28.164661	4.294705
25.256191	1.125222
25.423089	1.215115
25.906353	1.517996
99.000000	99.000000
28.060119	4.092819
25.625018	1.333533
26.579022	2.069213
25.363723	1.182346
24.954838	0.979417
28.174862	4.314913
25.235570	1.114586
25.770412	1.425879
24.981947	0.991721
25.737080	1.404159
26.134334	1.686036
26.429238	1.931292
27.530064	3.206356
26.381659	1.889435
27.737049	3.527032
27.291279	2.872471
26.800662	2.291566
27.250212	2.818659
27.271730	2.846724
27.565749	3.259487
28.622748	5.303361
27.870341	3.750320
27.140333	2.679579
27.234744	2.798651
99.000000	99.000000
26.214956	1.749811
31.359085	18.700350
28.773734	5.685219
25.930347	1.534861
26.287618	1.809356
26.626321	2.114776
27.212222	2.769781
25.486598	1.251180
27.687313	3.447168
28.194959	4.355050
27.166983	2.712670
28.058047	4.088930
29.141085	6.733067
25.684697	1.370689
21.691279	0.217899
24.668075	0.858253
26.611692	2.100577
23.265686	0.449922
23.704548	0.550693
25.489016	1.252574
26.013759	1.594967
24.746447	0.889794
27.459371	3.103658
25.727939	1.398260
26.427627	1.929859
26.865389	2.360902
26.889536	2.387301
26.329257	1.844383
99.000000	99.000000
25.321044	1.159335
28.103950	4.176297
25.836603	1.470012
27.625781	3.350861
28.229947	4.425793
25.150901	1.071964
25.118134	1.055910
25.672189	1.362818
26.282136	1.804791
29.582002	8.248911
27.700815	3.468682
26.098025	1.658079
27.548583	3.233833
23.673490	0.542873
24.611063	0.836012
28.186487	4.338101
27.750298	3.548614
27.326996	2.920102
26.894529	2.392796
26.562053	2.053103
26.748484	2.237161
27.116652	2.650516
28.088607	4.146876
25.724482	1.396035
27.036208	2.554123
25.938063	1.540325
21.664554	0.215234
26.504564	1.999460
27.448859	3.088664
26.188130	1.728328
26.283375	1.805824
27.968652	3.924027
27.351338	2.953023
26.158389	1.704817
27.429243	3.060899
27.070348	2.594590
29.522141	8.024535
26.915467	2.415977
25.998888	1.584081
26.184113	1.725132
99.000000	99.000000
26.664987	2.152769
27.964181	3.915936
26.814103	2.305795
27.356044	2.959432
29.149832	6.760340
26.968819	2.476074
26.376343	1.884817
28.827692	5.828221
25.092191	1.043370
25.898759	1.512696
27.551755	3.238555
27.927996	3.851236
19.395088	0.075686
27.057827	2.579680
99.000000	99.000000
25.678462	1.366761
99.000000	99.000000
24.517630	0.800804
26.486310	1.982722
26.512650	2.006920
25.371957	1.186837
25.087028	1.040892
28.379051	4.740371
28.535390	5.094203
26.453543	1.953027
26.356575	1.867733
27.560972	3.252330
26.565863	2.056708
24.733393	0.884461
27.633955	3.363490
26.682011	2.169716
28.324084	4.621857
27.911788	3.822593
24.643729	0.848683
26.059812	1.629155
25.854855	1.482418
25.992134	1.579162
27.090189	2.618411
28.412850	4.814688
26.282380	1.804995
31.343256	18.563749
26.959453	2.465421
24.129570	0.669752
29.113961	6.649540
26.282628	1.805202
27.807638	3.643563
26.152944	1.700548
26.861499	2.356673
28.104367	4.177080
26.038683	1.613380
24.843114	0.930300
24.938798	0.972209
25.320729	1.159167
24.187525	0.687868
29.581854	8.248537
26.539632	2.032013
25.549127	1.287732
28.397629	4.781105
27.106215	2.637807
31.467170	19.651217
26.870971	2.366975
27.134711	2.672648
25.085423	1.040123
26.113995	1.670316
27.570477	3.266596
28.708166	5.516111
26.327512	1.842905
27.674041	3.426170
26.807003	2.298266
27.801113	3.632634
26.884221	2.381468
99.000000	99.000000
99.000000	99.000000
26.685713	2.173413
27.807940	3.644087
22.655017	0.339628
26.510213	2.004670
27.548231	3.233297
25.783362	1.434407
28.145093	4.256164
25.551985	1.289428
25.616096	1.328064
26.823093	2.315360
25.178633	1.085741
25.384643	1.193792
25.025160	1.011654
27.456029	3.098883
27.795455	3.623188
29.046084	6.444943
28.571106	5.178695
25.255333	1.124778
28.028271	4.033250
28.925458	6.096640
26.805542	2.296720
99.000000	99.000000
25.900905	1.514192
25.539001	1.281740
23.488514	0.498543
26.228982	1.761151
26.984954	2.494546
29.334774	7.361331
25.082379	1.038665
28.946813	6.156899
24.617717	0.838578
99.000000	99.000000
25.415303	1.210767
26.350791	1.862766
26.383583	1.891109
27.154591	2.697234
25.864547	1.489050
25.422054	1.214537
25.347300	1.173437
25.239805	1.116763
24.311737	0.728362
25.477541	1.245973
25.731373	1.400473
24.446194	0.774888
25.676381	1.365450
23.909208	0.605120
27.091284	2.619735
26.920536	2.421630
25.413511	1.209768
26.926231	2.427985
25.061525	1.028738
27.616483	3.336547
27.400721	3.020954
26.323680	1.839651
99.000000	99.000000
27.672818	3.424236
26.729539	2.217724
24.593146	0.829143
28.146117	4.258182
24.304029	0.725782
27.458775	3.102811
25.539184	1.281849
27.381608	2.994485
25.872219	1.494320
27.859114	3.730992
27.133440	2.671083
25.446249	1.228146
24.055431	0.647271
27.733920	3.521968
25.628474	1.335657
25.344296	1.171816
24.957816	0.980761
27.125506	2.661345
99.000000	99.000000
26.622738	2.111291
25.583024	1.307991
25.730049	1.399618
28.219892	4.405333
99.000000	99.000000
27.117759	2.651868
25.360719	1.180712
27.981501	3.947289
26.833615	2.326605
24.357972	0.744037
24.263014	0.712201
27.557979	3.247848
27.510320	3.177338
27.097741	2.627533
28.251381	4.469683
28.592692	5.230460
27.240884	2.806583
27.429274	3.060938
27.383391	2.996937
25.268452	1.131593
28.466347	4.934785
29.774267	9.012509
27.285525	2.864872
26.991309	2.501850
24.390343	0.755212
24.362665	0.745647
26.493706	1.989487
26.135338	1.686816
26.348684	1.860957
26.935803	2.438710
26.030686	1.607450
24.861150	0.938059
26.591337	2.080975
27.751338	3.550312
25.515924	1.268190
26.335539	1.849728
28.447553	4.892248
27.505813	3.170762
23.696943	0.548768
26.891159	2.389085
22.491213	0.314951
26.747083	2.235716
26.085262	1.648362
28.159268	4.284031
28.027671	4.032126
27.563398	3.255969
27.478840	3.131620
27.876728	3.761382
24.952766	0.978483
26.435044	1.936462
23.284533	0.453844
25.581159	1.306868
24.687325	0.865895
27.399474	3.019216
26.111786	1.668619
26.901864	2.400889
27.529506	3.205530
25.099304	1.046793
99.000000	99.000000
27.013028	2.527002
26.288677	1.810235
28.078941	4.128479
26.399227	1.904782
26.575898	2.066234
25.942172	1.543243
27.410146	3.034089
26.946178	2.450391
25.684376	1.370488
26.950561	2.455342
25.823949	1.461471
29.846180	9.316178
28.473403	4.950831
31.337659	18.514913
27.141222	2.680682
27.652738	3.392716
99.000000	99.000000
26.693987	2.181713
27.364281	2.970683
26.878816	2.375545
25.935685	1.538639
26.668399	2.156155
23.210771	0.438686
24.021166	0.637137
27.934262	3.862339
25.516727	1.268661
28.630471	5.322239
24.449275	0.775988
27.907577	3.815173
27.131489	2.668682
28.009171	3.997938
27.401594	3.022176
27.726056	3.509224
28.115851	4.199242
26.598796	2.088139
25.878317	1.498524
26.413977	1.917764
25.314104	1.155636
25.741619	1.407095
27.508710	3.174978
28.300159	4.571214
26.093189	1.654388
26.966405	2.473322
99.000000	99.000000
28.448307	4.893969
24.461314	0.780302
28.438856	4.872735
28.560155	5.152662
27.735025	3.523741
26.826872	2.319397
23.667848	0.541464
99.000000	99.000000
28.135382	4.237168
26.747088	2.235722
27.015645	2.530047
27.687816	3.447958
28.754775	5.635783
25.812572	1.453832
25.456229	1.233802
23.801550	0.575851
99.000000	99.000000
25.694413	1.376837
26.390181	1.896864
25.683329	1.369827
29.730365	8.832358
26.879619	2.376421
28.298164	4.567016
26.111750	1.668591
26.575027	2.065405
27.195280	2.748248
26.658706	2.146547
27.568521	3.263666
25.299849	1.148074
27.688927	3.449738
25.561099	1.294851
27.500130	3.162469
24.362517	0.745596
25.630890	1.337143
28.023320	4.024063
25.735247	1.402973
29.590755	8.282275
26.047850	1.620206
24.726173	0.881525
27.520363	3.192069
29.472265	7.842426
25.209192	1.101129
25.916948	1.525420
29.819559	9.202575
25.077905	1.036527
28.140422	4.247019
25.701286	1.381202
26.005345	1.588799
25.365060	1.183073
27.621425	3.344144
27.311507	2.899352
28.140559	4.247267
26.690674	2.178388
25.087532	1.041134
27.012965	2.526933
25.139077	1.066143
27.580966	3.282414
26.971258	2.478859
26.284384	1.806662
30.243905	11.188783
28.790141	5.728335
25.134449	1.063873
26.756962	2.245905
99.000000	99.000000
27.667155	3.415311
27.496336	3.156940
99.000000	99.000000
29.874824	9.439939
23.845261	0.587560
23.573575	0.518460
27.879096	3.765469
25.278894	1.137049
26.328128	1.843427
26.912727	2.412937
24.341160	0.738298
25.651574	1.349940
27.526298	3.200816
26.451829	1.951486
28.749718	5.622712
26.070789	1.637411
24.292851	0.722055
29.679810	8.629114
24.086171	0.656499
28.061265	4.094979
25.617451	1.328894
27.987659	3.958506
25.917003	1.525461
24.838005	0.928114
26.975127	2.483276
27.335715	2.931861
27.106343	2.637959
27.395699	3.013980
26.227602	1.760033
25.970535	1.563532
25.627024	1.334766
26.229925	1.761915
25.926540	1.532174
26.047881	1.620229
29.913228	9.608198
23.639603	0.534467
25.191222	1.092054
26.984994	2.494589
27.837166	3.693459
27.734957	3.523634
27.448113	3.087621
23.265226	0.449827
26.496120	1.991697
26.399865	1.905343
26.263932	1.789725
26.281380	1.804163
28.754499	5.635114
27.194944	2.747827
26.252705	1.780495
29.620197	8.395475
26.913909	2.414250
30.478123	12.462721
26.240840	1.770795
26.638538	2.126709
28.045630	4.065621
26.764772	2.254001
27.260621	2.832201
25.501811	1.259975
27.792522	3.618300
25.396509	1.200333
27.665270	3.412354
25.167747	1.080312
26.399653	1.905158
26.150466	1.698608
99.000000	99.000000
26.419485	1.922635
25.949897	1.548743
26.457954	1.956998
25.484611	1.250036
24.224805	0.699779
30.426901	12.172470
25.303816	1.150174
25.568497	1.299270
28.150318	4.266446
27.062214	2.584901
25.538131	1.281227
23.814568	0.579313
25.192907	1.092902
28.871417	5.946741
27.885148	3.775964
28.500429	5.012866
25.921517	1.528634
29.680700	8.632610
25.565503	1.297480
28.373891	4.729101
23.474307	0.495292
26.831613	2.324463
25.659826	1.355080
27.968352	3.923463
30.180676	10.867840
28.091599	4.152610
26.411074	1.915203
26.507193	2.001884
23.834532	0.584664
25.263781	1.129162
26.681015	2.168713
25.750575	1.412913
99.000000	99.000000
26.035736	1.611191
25.160230	1.076579
27.655378	3.396845
28.251251	4.469387
27.552336	3.239427
27.631575	3.359816
25.573453	1.302239
25.386739	1.194944
24.551963	0.813566
27.027306	2.543671
26.440137	1.941008
28.223142	4.411940
27.618418	3.339523
23.234565	0.443520
27.087706	2.615411
25.781697	1.433308
27.006068	2.518914
28.718756	5.543047
25.325901	1.161930
27.046964	2.566807
25.893085	1.508749
27.108832	2.640992
26.668515	2.156270
26.186954	1.727390
28.009033	3.997651
26.770219	2.259665
27.799853	3.630543
26.369108	1.878545
27.283157	2.861743
26.254841	1.782248
99.000000	99.000000
25.951213	1.549683
27.809889	3.647346
26.828093	2.320699
27.771073	3.582728
25.142570	1.067860
24.698359	0.870306
28.064109	4.100356
99.000000	99.000000
29.464083	7.813026
25.013384	1.006182
26.703282	2.191067
24.193399	0.689731
26.490184	1.986263
27.446696	3.085602
29.188008	6.880142
18.193189	0.043515
26.853461	2.347967
25.547927	1.287021
26.273513	1.797640
26.550151	2.041880
22.614041	0.333279
27.879096	3.765483
26.538561	2.031012
25.299140	1.147699
28.413404	4.815938
26.992642	2.503387
27.357328	2.961181
27.223551	2.784266
26.050890	1.622476
25.824355	1.461744
25.807654	1.450544
26.199810	1.737648
30.734486	14.024194
26.468853	1.966847
26.205055	1.741851
26.200715	1.738372
26.603231	2.092406
25.261245	1.127844
26.243195	1.772714
26.781391	2.271322
22.346947	0.294706
26.317550	1.834469
28.264409	4.496543
30.286456	11.409842
25.610665	1.324748
26.016190	1.596754
25.461984	1.237077
23.236791	0.443975
27.394211	3.011911
25.072343	1.033877
25.613178	1.326281
32.677731	34.326266
29.788023	9.070007
29.715810	8.773245
26.577281	2.067550
22.837966	0.369482
28.035270	4.046268
23.421185	0.483323
26.777695	2.267459
26.463941	1.962406
25.299172	1.147715
25.532598	1.277967
26.886144	2.383576
26.672237	2.159969
27.917308	3.832322
25.152710	1.072857
99.000000	99.000000
25.343567	1.171422
24.809821	0.916145
26.841892	2.335492
24.851477	0.933889
27.523709	3.196995
26.273250	1.797421
25.794606	1.441854
26.381872	1.889620
24.794608	0.909749
25.082328	1.038641
26.459822	1.958685
24.984433	0.992857
25.467179	1.240040
24.464353	0.781395
27.253339	2.822726
25.727451	1.397944
26.854754	2.349369
27.161421	2.705726
25.968356	1.561963
26.070396	1.637116
27.560203	3.251168
25.621096	1.331127
24.727349	0.882002
28.166345	4.298007
25.383305	1.193056
26.501002	1.996183
27.487607	3.144284
27.120052	2.654670
27.867611	3.745602
25.848161	1.477857
25.379064	1.190728
27.361669	2.967109
26.047494	1.619939
25.406255	1.205732
23.415668	0.482096
28.263619	4.494949
28.582611	5.206212
25.245700	1.119799
28.180598	4.326314
26.192752	1.732011
21.702526	0.219031
27.571694	3.268422
26.361384	1.871876
24.070561	0.651797
25.079187	1.037140
25.446182	1.228107
26.981143	2.490165
26.130683	1.683203
27.744218	3.538700
27.288747	2.869130
23.787981	0.572263
26.936249	2.439211
24.517019	0.800578
28.723503	5.555240
24.401205	0.758998
27.062366	2.585070
24.553204	0.814030
28.817524	5.801016
25.811425	1.453066
28.282561	4.534335
26.142408	1.692316
26.503158	1.998167
27.989686	3.962212
27.319118	2.909539
26.856824	2.351606
22.077852	0.260358
27.141830	2.681423
25.163912	1.078406
28.679058	5.442680
28.036106	4.047827
27.640238	3.373246
99.000000	99.000000
24.634768	0.845189
22.281283	0.285928
25.515828	1.268134
28.463416	4.928112
23.948430	0.616149
28.799767	5.753758
27.208605	2.765164
26.590754	2.080417
27.359082	2.963587
28.174761	4.314717
25.040975	1.019048
26.523855	2.017299
25.613684	1.326590
24.960764	0.982093
24.160578	0.679385
27.564896	3.258222
27.624697	3.349187
26.822087	2.314286
26.361281	1.871786
23.803007	0.576237
24.635292	0.845393
26.022174	1.601160
27.962285	3.912531
29.072792	6.524734
26.939134	2.442462
27.947576	3.886117
25.341311	1.170206
27.553944	3.241811
23.619193	0.529467
26.574930	2.065314
27.039180	2.557617
27.028023	2.544509
26.789753	2.280084
28.816976	5.799603
24.606676	0.834325
27.262556	2.834730
25.394115	1.199011
23.498895	0.500932
26.938952	2.442251
26.548888	2.040695
99.000000	99.000000
26.246643	1.775531
26.729011	2.217185
27.300013	2.884042
23.279615	0.452817
25.890653	1.507059
26.665485	2.153266
99.000000	99.000000
26.527577	2.020765
26.485853	1.982305
25.606977	1.322499
26.865553	2.361079
23.988487	0.627621
25.387795	1.195526
27.898700	3.799628
25.836505	1.469945
28.525266	5.070549
27.391712	3.008453
26.241470	1.771309
24.890188	0.950687
26.811059	2.302563
27.261240	2.833004
26.760714	2.249794
28.074859	4.120696
26.388362	1.895277
25.195750	1.094334
29.934689	9.703484
25.393589	1.198720
23.539263	0.510332
26.451561	1.951247
27.969204	3.925020
29.276864	7.167634
99.000000	99.000000
27.985127	3.953882
23.051606	0.407682
27.010438	2.523988
24.652309	0.852043
26.487147	1.983484
26.104843	1.663292
25.703281	1.382471
24.536645	0.807847
27.810929	3.649112
25.573977	1.302552
27.597979	3.308227
99.000000	99.000000
25.057261	1.026721
25.561995	1.295386
26.687381	2.175085
27.461202	3.106283
27.918568	3.834539
24.716368	0.877554
28.194856	4.354845
24.170222	0.682409
26.976132	2.484427
24.308883	0.727405
26.319514	1.836125
26.847450	2.341479
28.118496	4.204359
28.303954	4.579211
26.230998	1.762786
27.556000	3.244891
24.100770	0.660928
30.875446	14.964838
27.182473	2.732084
26.562222	2.053264
26.506562	2.001302
24.496706	0.793124
28.446618	4.890164
26.090354	1.652231
29.035002	6.412096
28.553631	5.137206
25.234796	1.114189
25.952337	1.550485
26.045771	1.618655
27.272099	2.847206
26.270836	1.795424
25.562435	1.295648
26.376130	1.884629
26.316429	1.833520
25.310348	1.153638
27.569829	3.265615
27.999187	3.979586
23.407071	0.480191
25.841096	1.473056
27.757321	3.560108
29.142020	6.736059
25.271166	1.133009
27.744666	3.539424
27.617934	3.338781
22.912681	0.382416
26.932940	2.435502
27.182165	2.731705
28.919301	6.079351
24.372831	0.749145
27.450579	3.091126
28.341431	4.658939
28.851670	5.892971
24.339043	0.737579
99.000000	99.000000
27.849799	3.715017
26.054738	1.625352
29.167592	6.815804
26.283308	1.805768
25.650221	1.349099
25.707470	1.385141
28.291572	4.553176
25.981526	1.571466
24.975104	0.988600
24.363185	0.745825
25.372859	1.187331
99.000000	99.000000
27.471275	3.120714
25.562982	1.295973
26.192218	1.731585
99.000000	99.000000
28.638931	5.343002
28.323968	4.621599
26.670283	2.158024
26.962301	2.468654
24.458898	0.779435
24.929786	0.968183
26.338813	1.852521
28.407878	4.803697
25.297626	1.146899
21.810578	0.230205
21.790115	0.228046
24.845646	0.931385
26.840443	2.333933
27.719604	3.498800
25.403989	1.204474
25.906183	1.517878
27.416290	3.042689
27.076078	2.601452
26.129042	1.681933
25.517121	1.268890
21.890499	0.238836
23.209292	0.438388
24.363832	0.746047
28.125988	4.218892
25.466989	1.239931
29.424644	7.672416
23.846824	0.587983
25.465969	1.239350
25.424210	1.215744
24.507136	0.796943
99.000000	99.000000
26.922780	2.424130
27.752639	3.552448
24.754324	0.893027
27.199520	2.753624
26.691586	2.179298
26.313523	1.831069
25.589612	1.311965
25.423559	1.215378
29.439704	7.725737
23.863667	0.592561
25.691921	1.375258
99.000000	99.000000
26.448147	1.948181
28.357217	4.692926
29.673362	8.603479
28.987189	6.272495
25.848320	1.477964
27.075946	2.601298
24.933016	0.969624
28.570000	5.176102
26.219156	1.753200
26.275796	1.799529
25.255177	1.124697
27.092402	2.621081
27.427779	3.058824
24.810511	0.916436
27.963100	3.913982
28.725616	5.560620
26.228366	1.760651
26.600696	2.089962
21.817874	0.230980
26.793184	2.283688
27.134874	2.672849
29.849578	9.330925
26.851888	2.346268
26.779970	2.269833
25.157175	1.075066
25.270006	1.132404
99.000000	99.000000
24.873316	0.943329
26.994563	2.505603
28.038279	4.051863
24.675188	0.861068
31.736084	22.245918
25.607359	1.322733
99.000000	99.000000
30.515524	12.679743
19.552869	0.081391
25.972222	1.564749
25.997862	1.583333
24.823574	0.921966
25.430965	1.219531
27.253356	2.822739
27.912582	3.823970
26.846373	2.340318
27.178323	2.726875
26.595973	2.085423
26.909230	2.409050
25.805210	1.448911
23.767079	0.566782
26.418146	1.921450
26.305252	1.824105
26.955363	2.460782
27.854364	3.722839
27.488971	3.146257
26.230930	1.762733
24.871439	0.942514
29.365989	7.467905
26.580204	2.070334
28.510681	5.036554
25.645144	1.345950
24.194135	0.689965
25.234175	1.113871
27.400870	3.021166
22.719660	0.349890
25.326834	1.162430
25.351375	1.175642
25.346845	1.173191
25.551739	1.289283
24.004003	0.632122
24.622114	0.840278
29.300833	7.247164
29.015229	6.353951
27.015214	2.529542
27.252483	2.821607
28.052940	4.079310
27.761651	3.567207
28.459888	4.920163
31.465075	19.636083
25.882394	1.501339
27.623686	3.347629
27.100721	2.631141
28.119187	4.205692
28.725214	5.559577
25.337664	1.168242
99.000000	99.000000
27.658263	3.401361
27.303758	2.889034
25.740113	1.406120
26.558580	2.049825
25.235022	1.114306
27.973411	3.932632
25.853503	1.481495
26.724504	2.212594
27.372003	2.981264
27.540923	3.222448
27.915682	3.829450
31.436572	19.379271
29.354485	7.428374
26.339100	1.852763
25.036799	1.017091
27.123769	2.659213
24.035424	0.641335
26.848641	2.342764
24.031359	0.640135
26.651978	2.139909
26.520449	2.014138
28.438985	4.873005
26.430940	1.932805
25.337914	1.168376
25.439975	1.224603
30.096329	10.453830
27.196371	2.749635
27.217910	2.777040
25.886182	1.503959
29.491942	7.913822
29.219927	6.982060
27.187094	2.737912
26.470623	1.968451
99.000000	99.000000
29.955331	9.796545
99.000000	99.000000
26.751651	2.240424
28.409182	4.806580
25.405497	1.205312
26.300540	1.820153
28.241987	4.450406
27.240448	2.806016
25.366730	1.183985
25.405854	1.205510
24.946951	0.975866
27.988987	3.960919
26.065098	1.633124
27.012743	2.526673
23.612935	0.527943
25.066440	1.031070
27.694874	3.459196
27.880066	3.767161
27.628259	3.354690
25.289578	1.142657
25.981491	1.571441
28.026701	4.030327
26.098240	1.658242
28.310234	4.592462
24.260302	0.711313
27.603805	3.317126
99.000000	99.000000
27.409566	3.033279
28.309776	4.591496
29.031125	6.400631
99.000000	99.000000
28.030552	4.037477
24.415001	0.763836
25.677355	1.366064
24.754926	0.893275
26.730843	2.219059
27.261894	2.833867
28.324942	4.623696
28.180862	4.326843
25.281809	1.138575
27.061133	2.583611
27.323087	2.914849
26.944367	2.448346
28.919783	6.080680
26.233775	1.765042
99.000000	99.000000
27.008164	2.521354
26.812563	2.304161
27.121782	2.656780
24.519974	0.801668
26.630402	2.118751
26.949547	2.454194
99.000000	99.000000
27.358024	2.962130
27.558655	3.248868
28.357504	4.693528
25.486442	1.251090
26.358652	1.869521
28.750507	5.624747
25.284395	1.139932
24.069001	0.651328
23.883405	0.597972
24.769538	0.899306
27.136900	2.675344
26.679036	2.166739
27.846343	3.709113
25.116843	1.055282
27.860324	3.733061
23.128534	0.422383
26.231980	1.763582
31.018448	15.983904
27.266866	2.840358
22.600468	0.331203
29.052870	6.465078
26.000781	1.585464
27.149366	2.690752
23.542175	0.511017
27.052888	2.573817
27.088270	2.616101
25.241910	1.117847
25.972528	1.564967
26.551097	2.042772
26.413606	1.917435
27.102195	2.632927
26.953852	2.459065
29.025269	6.383358
99.000000	99.000000
26.957073	2.462722
24.632796	0.844422
24.936001	0.970957
27.914584	3.827527
29.787309	9.067083
24.385655	0.753583
23.331436	0.463753
99.000000	99.000000
28.714893	5.533250
27.285605	2.864985
25.717095	1.391294
26.669358	2.157108
26.701116	2.188884
26.301342	1.820829
27.263979	2.836581
26.913492	2.413782
25.196252	1.094587
26.112606	1.669250
26.049710	1.621592
33.603229	52.549724
26.211170	1.746764
26.913365	2.413640
27.817193	3.659644
26.744763	2.233327
25.269982	1.132391
26.963685	2.470228
26.369165	1.878595
29.544463	8.107671
21.186890	0.172734
27.101428	2.631995
28.668910	5.417285
28.532716	5.087965
26.869628	2.365514
27.889926	3.784299
29.995558	9.979783
99.000000	99.000000
29.377738	7.508400
29.675534	8.612178
27.019983	2.535106
23.784789	0.571423
26.746166	2.234773
26.693532	2.181256
26.055949	1.626259
26.723601	2.211669
25.114218	1.054007
27.480705	3.134302
25.419624	1.213179
25.209701	1.101388
22.341084	0.293912
29.478897	7.866584
27.082209	2.608805
25.747557	1.410948
27.687765	3.447877
25.739160	1.405505
25.539855	1.282245
24.452447	0.777122
28.514737	5.046010
26.667173	2.154934
99.000000	99.000000
27.457991	3.101698
30.644956	13.458613
26.010053	1.592248
22.970960	0.392819
24.285628	0.719657
24.469518	0.783255
27.856096	3.725784
99.000000	99.000000
99.000000	99.000000
25.219806	1.106525
30.163880	10.783812
25.578960	1.305546
26.845250	2.339108
99.000000	99.000000
28.027865	4.032473
26.404123	1.909082
27.622920	3.346443
26.884739	2.382036
27.400256	3.020306
28.462520	4.926108
99.000000	99.000000
25.744174	1.408753
26.601275	2.090522
99.000000	99.000000
25.142837	1.067990
28.659425	5.393699
27.226990	2.788676
28.028572	4.033796
25.625945	1.334102
26.834903	2.327990
25.233711	1.113633
27.740526	3.532679
28.132112	4.230798
28.275596	4.519785
29.663044	8.562505
26.515137	2.009220
27.362922	2.968825
24.905455	0.957394
27.181865	2.731316
25.305695	1.151168
27.642699	3.377070
25.575285	1.303338
23.660381	0.539605
26.732271	2.220516
27.803250	3.636234
28.716789	5.538077
25.123293	1.058421
25.693064	1.375982
26.070067	1.636867
32.249074	28.166667
26.191063	1.730663
26.323426	1.839438
24.179363	0.685287
26.803270	2.294321
33.844005	58.755172
23.190907	0.434692
26.455416	1.954715
25.794755	1.441952
26.424385	1.926979
26.668540	2.156292
27.227024	2.788716
29.651877	8.518650
27.017537	2.532254
26.777260	2.267002
25.561008	1.294797
27.327199	2.920385
29.134998	6.714318
26.558553	2.049794
25.967614	1.561431
25.849639	1.478862
27.943697	3.879165
27.542062	3.224137
26.657301	2.145161
23.600499	0.524928
26.699910	2.187674
28.774085	5.686152
26.416348	1.919862
28.754534	5.635166
31.158288	17.046498
26.583200	2.073193
26.662469	2.150274
27.322957	2.914681
27.393404	3.010787
27.870693	3.750943
27.639670	3.372357
25.869292	1.492308
27.235195	2.799234
23.181906	0.432894
25.339889	1.169440
26.337838	1.851686
24.901178	0.955511
28.533475	5.089736
25.028635	1.013275
28.987104	6.272159
25.292103	1.143986
26.894634	2.392915
27.033287	2.550695
25.539129	1.281816
28.309318	4.590530
27.999221	3.979633
24.618757	0.838980
23.991812	0.628583
25.560062	1.294234
27.255556	2.825605
27.085080	2.612260
23.709226	0.551881
28.445969	4.888676
27.117095	2.651055
27.601276	3.313259
26.773128	2.262696
28.565472	5.165310
26.508952	2.003508
26.034697	1.610419
26.384143	1.891597
24.280978	0.718118
23.880964	0.597300
27.014859	2.529133
27.347132	2.947315
27.822762	3.669040
29.056643	6.476302
27.254308	2.823979
26.869403	2.365265
28.426578	4.845220
26.892926	2.391033
25.651617	1.349967
27.192316	2.744498
26.052540	1.623708
28.010317	4.000032
27.851914	3.718638
26.629978	2.118341
28.505735	5.025100
26.626801	2.115243
21.997400	0.250888
28.266386	4.500668
30.498207	12.579272
25.687427	1.372416
28.468305	4.939229
27.828433	3.678620
27.003990	2.516510
26.601127	2.090383
28.824819	5.820510
24.547908	0.812048
26.586903	2.076734
27.459841	3.104329
25.450583	1.230600
25.623525	1.332616
20.330067	0.116416
25.498981	1.258334
27.292830	2.874528
26.585078	2.074986
28.182327	4.329796
25.710572	1.387120
26.153946	1.701331
26.014950	1.595842
26.397979	1.903688
27.700723	3.468534
29.194348	6.900343
26.382221	1.889924
22.746480	0.354239
28.244937	4.456418
27.095540	2.624870
27.750900	3.549611
26.570475	2.061083
24.371636	0.748733
26.222228	1.755682
26.774240	2.263852
28.749889	5.623127
26.330628	1.845553
26.301317	1.820806
26.545390	2.037409
25.126530	1.060000
25.409495	1.207534
25.723404	1.395342
24.935763	0.970851
27.305917	2.891899
27.368159	2.975990
25.163515	1.078210
24.583251	0.825373
25.337350	1.168073
27.352873	2.955123
27.640497	3.373643
24.374934	0.749871
26.169372	1.713460
26.550739	2.042433
26.406809	1.911444
25.039676	1.018440
27.517490	3.187852
25.727184	1.397772
26.476918	1.974165
24.776099	0.902028
26.543602	2.035731
24.976796	0.989371
26.667869	2.155628
26.478531	1.975633
27.767427	3.576719
24.096190	0.659535
26.759561	2.248598
27.537625	3.217550
28.674533	5.431370
24.040502	0.642837
27.599109	3.309950
22.714392	0.349043
29.192437	6.894244
26.652634	2.140557
28.374207	4.729782
26.197600	1.735883
27.619218	3.340744
25.639992	1.342760
23.251324	0.446956
25.923935	1.530337
28.116809	4.201094
26.715237	2.203167
26.782619	2.272605
23.996648	0.629984
26.283959	1.806307
25.193097	1.092998
99.000000	99.000000
30.624115	13.329247
24.512230	0.798815
27.251057	2.819758
27.312465	2.900626
26.442582	1.943198
26.171485	1.715129
27.294761	2.877078
24.658376	0.854427
24.750285	0.891368
26.965834	2.472676
29.158951	6.788736
26.307251	1.825788
29.490243	7.907704
25.040230	1.018699
25.478622	1.246592
27.075718	2.601016
27.223829	2.784614
28.038510	4.052285
26.478217	1.975347
27.844194	3.705445
28.900642	6.027392
26.560069	2.051227
24.710243	0.875082
23.093183	0.415563
27.857076	3.727467
25.787176	1.436929
99.000000	99.000000
25.899532	1.513236
24.639939	0.847204
25.984063	1.573303
26.170444	1.714305
27.188968	2.740268
25.634150	1.339153
26.119178	1.674308
25.219664	1.106452
27.369227	2.977456
25.664874	1.358234
27.658741	3.402116
27.707458	3.479294
27.308836	2.895792
26.348244	1.860581
24.825152	0.922636
26.717823	2.205787
26.394216	1.900391
26.620828	2.109432
25.947878	1.547305
27.141971	2.681605
23.955179	0.618067
28.170746	4.306748
26.831578	2.324426
29.803314	9.133906
28.012595	4.004233
99.000000	99.000000
28.311310	4.594781
28.575863	5.190093
27.398682	3.018127
25.583973	1.308563
26.027389	1.605010
24.616273	0.838020
24.961836	0.982578
25.426462	1.217005
23.980604	0.625347
25.630222	1.336733
26.971418	2.479034
27.922150	3.840882
24.752094	0.892111
24.880342	0.946386
25.513090	1.266537
26.640194	2.128329
27.347038	2.947190
25.653435	1.351098
27.640238	3.373235
27.463720	3.109886
24.283369	0.718909
27.363678	2.969853
28.721662	5.550479
25.315632	1.156449
28.193148	4.351410
26.619930	2.108563
26.531873	2.024762
27.337424	2.934164
27.043443	2.562647
26.036582	1.611820
28.411165	4.810971
29.308271	7.271973
27.635566	3.365990
27.179907	2.728859
27.693096	3.456354
24.883935	0.947953
26.521701	2.015304
24.892096	0.951522
22.522295	0.319491
26.641611	2.129717
26.817867	2.309796
26.589223	2.078955
27.994366	3.970737
28.342209	4.660585
25.492961	1.254851
29.185903	6.873524
30.071115	10.332693
25.945673	1.545733
26.263355	1.789251
26.907958	2.407638
28.210326	4.385965
26.085504	1.648547
25.662317	1.356637
27.692149	3.454858
26.844626	2.338432
28.476734	4.958425
26.760626	2.249703
28.544074	5.114657
25.195253	1.094083
26.317181	1.834155
29.930811	9.686527
27.499403	3.161401
25.897081	1.511528
26.116473	1.672225
27.379002	2.990894
28.213254	4.391887
25.039241	1.018235
27.766137	3.574603
25.012543	1.005793
26.156076	1.703001
28.450676	4.899282
27.562386	3.254448
27.502946	3.166571
28.451328	4.900759
26.097909	1.657989
28.804089	5.765240
26.550735	2.042428
26.171743	1.715334
25.823254	1.461002
99.000000	99.000000
27.855207	3.724260
28.137547	4.241401
25.383590	1.193212
26.361354	1.871848
27.701925	3.470438
26.542550	2.034744
26.261580	1.787789
22.230879	0.279367
29.177065	6.845635
25.158685	1.075814
21.625151	0.211364
24.596646	0.830480
30.254422	11.243079
99.000000	99.000000
25.920227	1.527726
24.690406	0.867124
26.474935	1.972364
27.669475	3.418969
27.100375	2.630718
25.727099	1.397717
25.091234	1.042910
25.657319	1.353517
26.406722	1.911370
29.566961	8.192001
27.488853	3.146092
26.899738	2.398546
26.150507	1.698640
27.994606	3.971203
28.717156	5.538995
25.729707	1.399398
27.257334	2.827918
26.220646	1.754400
99.000000	99.000000
24.500126	0.794374
25.321941	1.159814
25.209845	1.101461
27.445384	3.083740
27.655203	3.396574
20.555089	0.129127
28.676103	5.435273
26.982747	2.492008
27.378002	2.989517
25.050125	1.023352
26.519788	2.013529
27.245486	2.812533
28.024815	4.026836
24.172970	0.683273
27.852380	3.719430
27.109400	2.641677
23.277963	0.452473
27.773109	3.586085
26.511217	2.005595
26.977581	2.486087
27.671648	3.422397
99.000000	99.000000
30.502511	12.604130
27.584869	3.288308
27.295093	2.877520
27.901101	3.803829
27.345003	2.944428
27.357919	2.961985
29.368292	7.475717
27.821418	3.666774
26.033506	1.609538
27.580393	3.281544
27.155745	2.698667
26.044847	1.617967
27.445208	3.083479
24.910778	0.959745
29.430026	7.691434
26.693506	2.181228
99.000000	99.000000
26.083146	1.646755
26.951720	2.456656
27.633894	3.363402
25.721416	1.394065
27.771714	3.583791
24.410937	0.762408
25.710297	1.386945
26.937535	2.440661
25.781071	1.432894
25.226644	1.110015
26.160819	1.706728
26.348669	1.860945
26.744059	2.232608
31.078909	16.435170
28.074878	4.120749
25.136586	1.064920
27.125967	2.661910
24.558163	0.815892
25.462469	1.237353
26.915759	2.416305
26.490531	1.986578
25.895898	1.510704
27.159404	2.703218
28.788717	5.724594
25.730962	1.400207
25.898148	1.512271
24.792450	0.908845
28.612990	5.279602
27.887363	3.779835
26.432515	1.934208
27.391368	3.007980
25.322148	1.159925
22.847607	0.371126
23.043043	0.406077
23.711101	0.552357
23.730624	0.557346
24.407956	0.761362
22.538972	0.321954
25.494960	1.256007
24.483555	0.788335
30.914815	15.239201
25.320779	1.159193
26.559060	2.050275
25.121725	1.057658
25.338592	1.168741
26.092957	1.654212
26.165875	1.710706
27.906187	3.812734
29.474471	7.850425
26.921122	2.422280
24.068593	0.651206
27.571938	3.268782
27.681895	3.438581
27.527923	3.203209
26.438621	1.939653
27.428430	3.059758
29.359950	7.447119
29.118386	6.663115
26.541665	2.033914
26.443033	1.943601
24.233252	0.702507
25.340276	1.169648
26.546901	2.038825
26.551287	2.042951
27.185191	2.735505
29.923501	9.653681
28.573672	5.184817
20.879290	0.149919
99.000000	99.000000
26.689417	2.177124
30.494948	12.559552
22.574208	0.327221
27.864994	3.741078
27.223526	2.784233
27.706564	3.477871
26.841182	2.334727
25.581116	1.306842
26.470589	1.968421
27.493861	3.153351
25.014207	1.006564
27.683899	3.441761
25.845556	1.476084
26.837672	2.330957
27.360494	2.965509
26.221033	1.754716
24.532347	0.806249
25.270013	1.132407
27.647129	3.383971
26.793054	2.283549
25.260666	1.127544
26.907159	2.406753
26.502209	1.997295
25.083545	1.039224
21.469603	0.196753
23.355051	0.468824
24.752935	0.892456
27.469130	3.117647
28.197763	4.360665
29.660658	8.553369
26.175654	1.718427
25.807099	1.450173
27.164191	2.709188
28.250427	4.467734
26.945754	2.449916
25.553350	1.290238
27.485055	3.140591
25.205311	1.099163
28.843631	5.871182
26.920950	2.422090
28.721997	5.551388
24.478536	0.786515
26.085437	1.648493
24.582936	0.825253
27.149830	2.691330
99.000000	99.000000
28.818328	5.803193
26.681919	2.169621
28.361626	4.702446
24.045701	0.644377
28.561424	5.155684
24.124382	0.668154
26.116224	1.672034
27.554138	3.242106
28.466453	4.935022
27.306380	2.892522
27.585174	3.288789
28.455613	4.910470
28.292473	4.555067
27.819391	3.663343
27.328821	2.922572
24.362959	0.745747
99.000000	99.000000
24.582691	0.825160
26.428153	1.930325
27.197324	2.750838
25.417836	1.212180
25.784113	1.434903
27.577976	3.277898
29.423558	7.668568
26.933932	2.436607
27.628894	3.355663
25.877542	1.497988
23.941780	0.614265
30.568462	12.992741
28.619120	5.294472
24.392965	0.756124
26.872627	2.368786
23.707050	0.551328
27.442466	3.079589
28.536658	5.097171
26.910050	2.409957
27.154954	2.697686
25.427799	1.217754
27.101985	2.632680
28.343365	4.663093
26.634695	2.122948
28.703255	5.503665
27.699039	3.465838
24.226361	0.700281
25.560634	1.294573
27.958386	3.905493
28.103856	4.176090
26.857809	2.352673
27.000064	2.511957
27.941331	3.874953
25.972613	1.565031
26.434983	1.936406
30.341098	11.701123
26.332709	1.847318
27.115562	2.649189
28.686287	5.460846
26.567214	2.057990
28.525573	5.071263
29.085344	6.562532
26.189390	1.729331
26.744904	2.233472
23.094149	0.415748
25.756615	1.416846
30.370479	11.860740
26.954022	2.459258
24.763965	0.897001
26.530916	2.023876
26.341492	1.854805
28.290065	4.550028
27.388445	3.003925
28.020580	4.018963
25.246974	1.120456
99.000000	99.000000
26.527665	2.020844
25.805698	1.449237
24.958399	0.981025
25.569401	1.299810
27.138136	2.676866
29.627723	8.424627
24.323107	0.732186
25.487938	1.251952
27.572089	3.269022
99.000000	99.000000
28.688653	5.466752
26.892845	2.390941
27.333021	2.928223
27.087245	2.614863
28.651431	5.373830
26.691488	2.179201
27.322349	2.913863
27.122304	2.657427
26.468748	1.966754
25.001829	1.000842
28.849410	5.886817
26.159725	1.705865
23.472923	0.494976
99.000000	99.000000
27.096842	2.626448
27.331188	2.925759
27.923897	3.843979
27.979506	3.943669
27.088516	2.616391
27.559756	3.250515
26.450495	1.950287
26.182921	1.724188
27.418655	3.046001
27.685277	3.443946
27.673799	3.425770
25.923112	1.529757
26.846896	2.340877
24.996976	0.998608
24.124315	0.668133
26.556229	2.047604
25.860934	1.486575
27.657334	3.399908
25.983190	1.572669
28.413605	4.816391
24.072315	0.652324
28.200471	4.366102
99.000000	99.000000
24.468852	0.783015
28.145015	4.256000
25.343799	1.171548
26.416688	1.920158
29.020546	6.369563
30.939811	15.415399
99.000000	99.000000
26.522027	2.015605
29.406518	7.608603
26.149061	1.697511
25.469584	1.241415
27.613043	3.331254
25.778861	1.431436
24.778592	0.903064
27.804471	3.638273
27.366900	2.974275
28.559204	5.150406
28.233782	4.433609
28.401757	4.790184
24.482116	0.787814
27.673328	3.425045
25.794150	1.441552
24.507174	0.796957
24.304582	0.725966
28.145703	4.257377
24.559528	0.816405
27.524608	3.198324
26.366765	1.876521
27.004107	2.516635
24.859235	0.937232
27.296578	2.879492
99.000000	99.000000
28.015838	4.010212
28.341431	4.658918
25.127265	1.060359
25.682954	1.369590
28.052994	4.079414
26.909905	2.409804
27.767302	3.576512
26.210858	1.746514
27.248436	2.816362
28.682763	5.451981
26.831044	2.323850
27.181720	2.731143
25.262625	1.128561
25.110021	1.051971
28.156780	4.279114
25.636714	1.340735
25.177411	1.085130
25.055024	1.025663
29.288867	7.207210
24.263757	0.712445
25.986587	1.575133
27.101037	2.631525
27.971012	3.928259
29.426435	7.678715
26.914656	2.415077
27.512701	3.180833
27.342699	2.941310
24.920585	0.964089
27.467875	3.115841
24.365045	0.746464
28.181554	4.328232
24.902590	0.956132
28.274133	4.516759
26.405105	1.909945
29.593141	8.291420
27.428399	3.059700
26.574134	2.064554
26.039624	1.614081
26.018420	1.598393
99.000000	99.000000
29.877440	9.451273
26.127657	1.680861
30.513606	12.668111
27.319798	2.910439
25.062403	1.029154
28.710084	5.521017
25.658007	1.353947
26.604178	2.093319
26.240220	1.770290
28.808972	5.778238
27.784577	3.605071
28.489354	4.987389
26.036887	1.612044
27.053169	2.574151
25.100041	1.047148
25.676489	1.365520
25.545599	1.285641
27.969355	3.925272
26.109503	1.666865
27.614888	3.334097
26.730014	2.218213
28.113288	4.194286
24.240531	0.704866
26.644931	2.132975
27.296137	2.878911
29.073070	6.525549
29.429448	7.689351
27.100541	2.630918
26.472530	1.970181
27.913646	3.825846
26.785218	2.275329
27.845328	3.707364
26.318123	1.834954
26.922907	2.424268
28.274931	4.518426
23.783680	0.571131
26.227767	1.760167
26.150570	1.698689
28.187877	4.340871
99.000000	99.000000
28.695684	5.484464
27.471180	3.120586
99.000000	99.000000
27.701952	3.470473
28.048577	4.071136
27.168454	2.714506
26.994583	2.505625
23.224328	0.441434
26.829585	2.322294
26.423059	1.925803
28.613232	5.280194
27.154591	2.697234
99.000000	99.000000
99.000000	99.000000
24.684097	0.864608
26.118971	1.674152
28.176136	4.317427
24.143662	0.674112
25.174231	1.083543
24.433548	0.770388
26.743139	2.231659
27.058340	2.580287
99.000000	99.000000
27.517965	3.188554
27.701193	3.469266
27.585491	3.289263
24.966366	0.984631
30.396445	12.003170
25.083089	1.039006
23.614119	0.528231
29.496507	7.930503
25.813260	1.454293
26.533962	2.026716
27.926049	3.847786
27.900064	3.802021
25.986481	1.575058
26.341679	1.854966
28.358222	4.695111
29.002374	6.316470
25.676481	1.365514
27.311023	2.898708
28.578088	5.195368
26.689803	2.177515
27.937311	3.867786
29.318018	7.304786
27.403042	3.024181
27.142299	2.682005
27.306626	2.892841
25.654589	1.351816
25.697674	1.378906
26.701277	2.189051
25.872142	1.494267
27.947658	3.886244
28.368345	4.717042
29.378902	7.512331
26.110312	1.667487
25.068440	1.032020
27.330436	2.924741
26.233308	1.764663
28.942705	6.145317
24.543086	0.810247
28.801098	5.757267
99.000000	99.000000
28.688199	5.465601
28.683796	5.454524
25.865917	1.489990
99.000000	99.000000
25.370763	1.186186
28.853632	5.898309
27.159126	2.702870
99.000000	99.000000
28.753225	5.631736
28.574694	5.187305
26.935738	2.438642
24.131105	0.670226
26.710069	2.197927
28.386469	4.756601
29.800691	9.123013
25.359361	1.179973
24.615062	0.837553
99.000000	99.000000
24.999838	0.999925
25.296156	1.146123
26.227996	1.760349
27.399919	3.019835
28.723738	5.555792
29.242064	7.053535
27.630460	3.358082
29.840729	9.292746
27.969338	3.925242
28.196855	4.358824
30.969365	15.627106
27.451763	3.092813
25.825929	1.462803
28.495746	5.002052
27.949414	3.889418
28.046635	4.067502
28.174114	4.313450
28.316987	4.606749
27.844075	3.705231
27.938254	3.869453
26.819218	2.311229
26.955659	2.461114
24.289998	0.721106
28.774788	5.687987
26.710971	2.198841
27.080651	2.606933
27.511230	3.178679
27.852079	3.718913
26.161182	1.707011
21.953753	0.245895
28.623818	5.305940
99.000000	99.000000
27.264880	2.837758
26.807301	2.298580
26.290707	1.811928
28.144680	4.255360
27.039805	2.558357
25.948892	1.548025
27.122388	2.657528
99.000000	99.000000
27.459611	3.104008
24.962799	0.983014
27.423521	3.052843
24.684654	0.864830
24.811692	0.916935
26.049119	1.621152
27.600727	3.312420
26.977386	2.485864
28.084972	4.139958
27.552986	3.240379
26.905029	2.404395
24.672306	0.859926
26.557441	2.048744
26.773105	2.262665
25.510627	1.265102
27.528346	3.203823
29.274691	7.160429
29.990703	9.957466
25.145649	1.069374
26.420984	1.923965
29.082543	6.553995
25.190847	1.091866
26.793399	2.283916
27.494574	3.154387
27.953446	3.896629
27.763490	3.570247
27.580791	3.282153
28.387157	4.758054
26.967289	2.474332
26.288830	1.810365
28.936042	6.126450
28.494579	4.999400
26.873035	2.369228
24.417830	0.764832
27.676747	3.430434
26.881405	2.378381
27.760325	3.565041
25.334799	1.166701
24.344059	0.739285
22.951271	0.389273
28.144464	4.254929
25.857867	1.484477
25.299813	1.148056
28.168372	4.302043
26.830933	2.323731
24.835810	0.927176
21.518305	0.201215
28.214008	4.393395
26.851911	2.346292
28.124983	4.216947
28.427037	4.846235
24.647446	0.850138
25.213463	1.103297
25.604058	1.320723
24.797449	0.910940
27.003955	2.516468
27.331226	2.925808
25.111516	1.052696
26.295498	1.815931
25.872343	1.494406
27.274037	2.849760
99.000000	99.000000
27.883802	3.773635
26.139296	1.689892
26.335421	1.849628
27.738982	3.530177
24.989956	0.995385
24.938029	0.971865
27.386761	3.001595
28.929987	6.109436
25.857781	1.484419
25.277048	1.136082
27.353394	2.955826
25.818809	1.458015
27.574051	3.271971
24.488506	0.790135
26.543454	2.035594
27.954419	3.898375
27.508786	3.175091
26.772050	2.261566
31.243591	17.729330
24.790442	0.908005
23.480154	0.496628
26.349666	1.861799
27.750900	3.549611
24.921999	0.964716
29.122153	6.674641
28.543478	5.113235
26.445184	1.945525
26.837837	2.331138
23.861412	0.591947
25.633407	1.338693
25.755023	1.415808
24.258406	0.710692
26.780910	2.270820
27.223736	2.784501
26.424627	1.927193
28.228417	4.422670
26.083588	1.647091
28.399269	4.784712
28.408780	4.805704
99.000000	99.000000
25.569961	1.300147
27.805593	3.640139
26.558279	2.049534
27.506021	3.171066
25.666872	1.359486
28.530386	5.082507
99.000000	99.000000
29.259928	7.111932
23.220918	0.440741
26.314605	1.831981
28.343294	4.662920
27.552302	3.239367
28.071987	4.115262
26.011155	1.593054
27.993579	3.969324
27.834562	3.689022
26.568774	2.059469
26.520299	2.014002
27.446138	3.084807
26.773300	2.262871
25.234135	1.113851
26.826288	2.318773
26.136135	1.687434
27.751133	3.549981
23.812074	0.578649
25.583908	1.308524
27.091776	2.620318
25.927652	1.532957
24.932543	0.969413
29.071961	6.522163
29.979032	9.903973
26.859090	2.354064
26.421993	1.924857
28.021265	4.020235
27.373451	2.983259
27.347331	2.947575
27.117346	2.651368
26.077338	1.642357
25.488823	1.252462
25.714605	1.389701
26.591624	2.081252
28.926669	6.100022
28.936694	6.128291
26.807146	2.298422
26.481196	1.978057
26.811664	2.303209
24.225602	0.700036
25.722294	1.394629
24.573589	0.821709
26.924095	2.425597
24.707040	0.873791
25.837956	1.470926
28.669962	5.419952
24.277878	0.717093
28.648207	5.365927
27.374815	2.985128
26.322571	1.838716
27.727796	3.512038
26.545250	2.037276
99.000000	99.000000
28.221136	4.407877
27.459988	3.104545
99.000000	99.000000
28.583229	5.207686
28.384285	4.751806
99.000000	99.000000
26.876882	2.373434
27.346397	2.946318
28.006104	3.992270
28.302839	4.576836
26.737019	2.225380
28.843556	5.870984
27.480940	3.134645
26.974465	2.482525
26.879564	2.376362
27.309738	2.896998
30.880565	15.001125
24.152138	0.676749
27.506479	3.171722
27.145318	2.685743
28.585321	5.212706
26.820686	2.312795
26.800713	2.291622
28.091954	4.153264
26.773022	2.262578
25.542359	1.283724
28.306827	4.585266
25.741655	1.407119
99.000000	99.000000
27.182732	2.732416
27.859069	3.730892
18.154797	0.042752
28.786513	5.718743
25.055300	1.025794
26.568719	2.059411
26.008818	1.591344
99.000000	99.000000
28.227355	4.420498
26.605582	2.094677
99.000000	99.000000
28.622962	5.303843
28.417668	4.825389
27.333542	2.928926
28.088831	4.147319
26.827836	2.320418
28.098906	4.166591
99.000000	99.000000
29.409476	7.618854
27.170232	2.716724
28.478578	4.962664
27.783886	3.603933
27.159372	2.703176
27.021163	2.536486
27.121989	2.657039
24.249597	0.707815
99.000000	99.000000
29.382831	7.526083
22.376092	0.298688
24.559116	0.816250
25.861808	1.487174
23.183335	0.433179
29.998047	9.990817
27.642625	3.376964
26.866467	2.362075
28.530695	5.083228
26.062279	1.631006
26.678801	2.166511
26.733669	2.221950
32.589351	32.958740
27.021834	2.537268
26.341302	1.854645
28.308906	4.589695
26.936746	2.439776
29.036655	6.417048
24.546692	0.811593
27.318603	2.908854
28.396315	4.778174
24.866151	0.940222
27.241551	2.807434
27.693848	3.457567
24.708202	0.874259
28.205408	4.376025
25.681318	1.368560
28.284527	4.538414
31.238143	17.686581
23.010493	0.400036
25.968467	1.562043
26.484314	1.980902
27.475576	3.126913
27.577637	3.277382
29.457146	7.788015
27.869334	3.748570
23.963192	0.620352
28.794103	5.738803
26.263382	1.789274
26.631953	2.120269
28.267552	4.503092
27.479724	3.132895
27.679510	3.434811
29.413327	7.632413
27.087713	2.615429
25.335818	1.167249
24.928964	0.967816
23.809349	0.577923
27.898747	3.799705
27.747608	3.544217
99.000000	99.000000
25.149586	1.071314
26.036957	1.612097
26.235691	1.766599
28.447891	4.893004
26.169404	1.713487
28.634507	5.332111
29.722853	8.801906
28.728003	5.566687
25.611613	1.325326
29.786238	9.062418
25.027433	1.012713
26.421237	1.924188
27.827302	3.676724
24.265020	0.712860
24.301106	0.724805
28.594833	5.235575
26.013298	1.594628
28.366366	4.712760
26.874170	2.370468
25.984963	1.573955
25.409921	1.207770
27.577416	3.277057
27.931884	3.858144
28.216988	4.399450
23.543546	0.511339
27.645092	3.380782
28.257406	4.482080
28.860452	5.916818
27.557498	3.247127
27.987676	3.958537
25.716339	1.390811
23.653192	0.537822
26.980107	2.488979
29.554573	8.145502
25.762137	1.420455
99.000000	99.000000
27.372727	2.982257
27.015269	2.529614
25.087807	1.041265
28.296038	4.562534
25.892981	1.508675
26.832899	2.325838
28.684249	5.455725
27.993955	3.969991
26.948801	2.453353
28.131840	4.230275
28.245799	4.458192
26.045413	1.618388
28.725751	5.560967
29.452939	7.772944
22.896844	0.379637
26.858422	2.353337
26.612828	2.101676
99.000000	99.000000
28.696534	5.486619
27.294941	2.877314
28.412120	4.813121
27.338518	2.935649
23.866810	0.593420
26.318266	1.835074
27.729672	3.515074
24.082245	0.655313
27.310476	2.897978
25.978262	1.569106
27.353783	2.956352
24.826545	0.923228
29.421963	7.662948
26.912316	2.412472
27.006771	2.519733
26.387399	1.894437
27.523609	3.196854
28.153881	4.273439
31.248380	17.769182
24.355280	0.743115
26.756217	2.245142
26.497969	1.993400
26.933997	2.436686
27.802088	3.634285
27.645389	3.381264
99.000000	99.000000
29.376209	7.503181
24.345218	0.739679
27.495449	3.155656
26.731137	2.219359
25.380068	1.191280
25.748944	1.411850
27.794486	3.621557
24.721356	0.879572
25.484842	1.250169
99.000000	99.000000
27.767108	3.576192
24.172735	0.683199
99.000000	99.000000
25.575630	1.303545
24.732798	0.884219
25.664031	1.357708
31.247009	17.757805
26.787717	2.277946
27.867703	3.745777
27.768553	3.578573
26.800302	2.291187
27.318052	2.908105
25.057562	1.026863
25.211940	1.102524
28.338066	4.651707
26.680178	2.167883
23.907368	0.604608
28.229649	4.425167
30.587133	13.104585
27.399187	3.018819
24.239842	0.704642
25.784726	1.435307
26.781408	2.271336
26.917757	2.418534
28.248349	4.463453
99.000000	99.000000
26.389775	1.896507
26.886533	2.383998
24.668646	0.858478
22.773528	0.358679
23.714955	0.553339
27.411366	3.035804
26.354887	1.866284
28.217156	4.399783
25.216988	1.105090
28.215959	4.397370
27.505290	3.169986
26.306755	1.825371
25.836252	1.469773
28.028837	4.034293
25.545276	1.285451
28.199395	4.363950
27.473137	3.123409
28.578293	5.195864
25.929007	1.533915
27.907103	3.814351
25.943292	1.544039
25.135307	1.064293
25.768017	1.424306
27.623917	3.347984
27.280546	2.858309
99.000000	99.000000
26.171846	1.715414
99.000000	99.000000
26.029060	1.606247
23.902157	0.603158
27.795540	3.623316
25.262824	1.128665
25.585140	1.309265
26.665198	2.152975
26.739889	2.228320
25.469413	1.241317
26.313454	1.831009
99.000000	99.000000
26.223480	1.756693
28.220187	4.405948
22.787870	0.361056
23.123822	0.421468
26.489494	1.985633
26.937431	2.440542
28.397232	4.780180
30.677291	13.660384
26.636502	2.124715
28.810640	5.782612
27.830624	3.682337
25.875427	1.496529
28.579701	5.199254
32.413429	30.390582
28.102947	4.174374
26.057906	1.627725
29.791333	9.083753
24.820291	0.920573
28.368490	4.717360
25.324110	1.160972
26.767495	2.256829
28.039509	4.054174
26.991738	2.502348
26.166765	1.711406
27.848571	3.712913
26.651148	2.139093
26.925603	2.427285
27.486448	3.142599
28.604009	5.257754
28.164581	4.294535
27.196667	2.750006
24.758399	0.894705
24.791629	0.908501
27.513514	3.182022
28.949203	6.163741
26.440105	1.940980
24.827335	0.923564
31.270196	17.949742
28.132773	4.232067
30.784974	14.354420
28.882570	5.977383
27.743497	3.537517
24.903344	0.956464
28.688718	5.466960
27.099399	2.629543
28.497867	5.006969
24.583600	0.825506
26.400074	1.905524
25.964126	1.558925
29.338132	7.372778
28.365161	4.710105
25.968565	1.562115
29.609536	8.354132
26.167003	1.711594
27.412527	3.037430
27.892682	3.789091
28.226486	4.418756
26.570821	2.061408
30.397854	12.010675
27.012785	2.526718
32.221004	27.813612
27.881130	3.768993
26.247222	1.776005
26.329597	1.844672
28.673220	5.428049
25.618763	1.329696
27.365672	2.972581
26.718742	2.206726
25.881442	1.500681
27.280316	2.858004
28.969143	6.220524
24.810936	0.916615
26.814080	2.305772
28.533082	5.088823
24.232913	0.702397
27.473074	3.123304
27.549207	3.234752
27.055582	2.577016
24.650410	0.851298
99.000000	99.000000
28.576829	5.192338
26.022068	1.601081
30.247717	11.208668
26.418779	1.922010
28.375568	4.732758
28.209553	4.384402
27.519224	3.190391
26.412369	1.916347
27.513723	3.182320
26.173633	1.716828
25.658481	1.354241
27.893617	3.790734
24.910285	0.959526
25.846590	1.476786
25.254884	1.124546
28.340559	4.657066
24.489095	0.790349
26.630363	2.118715
24.286264	0.719868
28.048613	4.071188
99.000000	99.000000
28.685186	5.458026
28.352826	4.683461
27.110120	2.642549
99.000000	99.000000
28.739503	5.596273
26.817393	2.309288
28.342657	4.661575
27.454518	3.096732
27.030212	2.547081
23.412484	0.481390
27.605156	3.319184
30.395663	11.998272
26.554046	2.045546
26.186497	1.727027
26.420124	1.923200
27.193764	2.746329
24.339401	0.737700
28.848545	5.884518
28.250276	4.467409
99.000000	99.000000
26.817618	2.309528
26.917370	2.418098
26.679387	2.167089
27.800483	3.631581
28.968471	6.218609
29.130553	6.700579
26.937270	2.440363
27.935413	3.864403
25.106878	1.050451
26.996780	2.508166
25.780222	1.432334
24.684667	0.864835
27.395039	3.013055
27.648348	3.385858
25.691476	1.374977
26.056782	1.626883
27.562260	3.254249
24.740908	0.887527
26.974063	2.482063
25.333467	1.165986
27.113354	2.646491
24.515939	0.800180
28.184731	4.334567
29.317323	7.302352
28.494117	4.998276
99.000000	99.000000
25.007570	1.003492
29.815613	9.185891
25.463436	1.237905
27.398791	3.018275
28.249994	4.466849
23.801170	0.575750
27.961703	3.911476
27.080821	2.607137
27.981433	3.947183
28.357791	4.694174
25.699366	1.379980
29.300092	7.244686
29.311549	7.282926
25.926351	1.532040
26.674564	2.162281
29.763735	8.968949
26.292602	1.813514
28.033938	4.043775
28.359036	4.696823
99.000000	99.000000
26.052655	1.623795
27.578571	3.278793
28.021616	4.020921
27.972152	3.930347
25.524495	1.273206
27.717029	3.494675
26.445554	1.945855
27.901116	3.803855
26.158803	1.705141
25.298921	1.147584
25.438976	1.224038
28.250926	4.468767
27.778540	3.595073
24.996598	0.998435
24.627674	0.842431
25.910823	1.521123
26.814022	2.305708
26.055909	1.626230
23.426528	0.484513
31.218956	17.530424
26.385589	1.892857
23.117809	0.420302
23.859585	0.591449
27.469458	3.118101
27.864159	3.739641
27.311689	2.899596
26.918240	2.419065
28.577561	5.194113
25.635662	1.340085
23.930484	0.611078
27.642910	3.377394
26.545097	2.037133
28.990483	6.282005
27.597706	3.307810
27.531382	3.208315
26.514326	2.008471
99.000000	99.000000
24.135144	0.671473
27.435804	3.070157
28.556788	5.144672
27.070443	2.594710
27.890984	3.786138
26.455993	1.955233
25.633008	1.338449
26.933919	2.436602
31.455491	19.546045
27.929656	3.854172
27.212631	2.770301
28.503215	5.019323
28.645147	5.358322
27.748809	3.546177
29.244497	7.061584
27.145192	2.685585
99.000000	99.000000
27.223442	2.784118
27.195928	2.749065
27.986180	3.955824
26.521097	2.014739
27.071210	2.595622
27.046420	2.566168
25.032964	1.015296
25.488638	1.252356
26.442201	1.942855
28.297485	4.565577
28.232736	4.431464
27.812665	3.652018
27.506119	3.171202
28.424617	4.840883
24.371069	0.748538
27.265431	2.838482
27.824561	3.672078
26.937535	2.440655
25.378739	1.190551
26.004080	1.587874
28.086872	4.143586
24.976838	0.989390
22.753249	0.355345
26.422158	1.925005
28.463574	4.928514
27.787757	3.610378
26.159002	1.705296
25.238848	1.116271
28.734753	5.584035
27.519976	3.191501
27.598062	3.308360
27.242887	2.809170
27.012016	2.525829
24.231958	0.702088
25.374440	1.188196
26.398617	1.904248
26.301022	1.820557
28.026507	4.029980
25.752436	1.414123
29.052099	6.462743
26.870758	2.366746
29.536428	8.077646
24.761505	0.895986
21.457879	0.195693
25.696679	1.378276
23.742895	0.560504
24.685076	0.864998
24.863308	0.938991
27.251187	2.819920
26.762771	2.251926
27.592302	3.299597
27.520208	3.191837
24.967743	0.985255
25.650745	1.349426
26.822657	2.314890
26.629764	2.118133
99.000000	99.000000
29.696429	8.695297
99.000000	99.000000
25.307462	1.152106
24.852215	0.934207
26.435260	1.936652
26.671594	2.159329
26.168503	1.712777
26.819839	2.311893
29.180785	6.857284
28.665633	5.409123
26.745386	2.233965
29.963069	9.831432
25.877440	1.497917
24.027541	0.639011
27.577276	3.276850
28.122669	4.212439
25.639320	1.342345
26.865365	2.360871
27.413329	3.038538
23.487126	0.498225
26.955468	2.460899
27.210533	2.767619
27.767150	3.576278
25.173111	1.082984
26.647849	2.135842
27.801859	3.633887
28.834685	5.847009
27.866819	3.744245
26.963977	2.470562
27.567146	3.261587
28.108220	4.184504
28.221009	4.407615
99.000000	99.000000
23.331310	0.463727
25.814766	1.455301
27.077630	2.603309
30.638094	13.416127
27.745047	3.540065
23.131491	0.422959
27.522833	3.195703
28.690666	5.471840
25.562460	1.295663
27.081042	2.607404
26.838369	2.331702
28.091730	4.152853
27.273746	2.849370
28.461045	4.922743
99.000000	99.000000
24.642930	0.848371
99.000000	99.000000
27.287470	2.867434
27.995411	3.972681
27.287604	2.867615
28.495828	5.002227
28.739911	5.597375
26.074834	1.640466
29.160503	6.793603
25.581023	1.306787
26.409856	1.914129
28.422634	4.836448
28.024094	4.025474
25.140825	1.067001
25.650984	1.349574
30.581554	13.071416
26.774991	2.264634
99.000000	99.000000
25.745081	1.409341
25.238705	1.116197
27.021442	2.536817
22.778509	0.359502
26.756173	2.245092
28.813585	5.790504
28.012282	4.003639
27.522821	3.195680
28.088439	4.146578
28.222423	4.410481
29.695198	8.690356
23.924403	0.609369
26.165281	1.710238
26.837525	2.330804
26.669641	2.157386
26.574000	2.064431
26.731736	2.219973
29.638798	8.467771
27.503818	3.167839
26.555669	2.047072
99.000000	99.000000
26.309813	1.827943
99.000000	99.000000
27.900896	3.803446
28.111895	4.191595
27.933032	3.860185
99.000000	99.000000
29.083989	6.558390
27.710801	3.484645
23.506375	0.502661
27.491769	3.150316
26.596219	2.085660
28.876806	5.961616
28.591505	5.227585
23.344402	0.466531
27.079692	2.605787
25.336062	1.167380
28.855295	5.902822
26.371305	1.880449
24.462672	0.780790
27.274425	2.850266
28.117134	4.201720
25.877479	1.497946
27.949825	3.890133
29.272800	7.154263
28.154476	4.274576
26.350840	1.862808
27.511022	3.178361
27.261301	2.833083
25.190543	1.091713
27.247016	2.814518
27.458628	3.102595
26.001086	1.585687
28.259306	4.486044
23.664380	0.540600
24.647894	0.850313
28.889458	5.996440
27.385529	2.999892
26.836081	2.329252
27.804457	3.638238
28.016607	4.011651
28.752192	5.629139
28.565820	5.166111
26.564729	2.055635
27.449791	3.089991
26.743816	2.232351
27.094926	2.624131
28.742874	5.604945
25.396306	1.200221
23.740751	0.559951
31.041436	16.154489
99.000000	99.000000
23.462806	0.492676
29.336658	7.367713
99.000000	99.000000
26.217769	1.752081
24.791397	0.908405
26.800183	2.291065
28.051370	4.076354
28.572913	5.183049
27.137755	2.676406
27.496196	3.156740
24.651799	0.851844
99.000000	99.000000
24.665034	0.857051
24.828334	0.923989
24.267939	0.713819
27.879342	3.765912
99.000000	99.000000
26.530396	2.023390
24.238566	0.704228
27.219846	2.779516
25.866100	1.490117
26.118062	1.673450
27.194354	2.747074
27.738928	3.530088
26.770097	2.259533
24.911072	0.959875
27.861944	3.735845
27.501162	3.163975
26.859643	2.354661
27.902295	3.805901
27.320185	2.910967
24.296974	0.723427
32.226898	27.881804
27.962301	3.912545
26.615137	2.103911
29.626413	8.419437
27.114085	2.647381
28.291707	4.553452
27.623771	3.347757
25.484363	1.249893
27.090487	2.618773
25.544437	1.284954
26.763344	2.252520
27.650690	3.389529
29.860503	9.377803
25.904653	1.516808
25.801646	1.446536
26.404610	1.909512
27.108816	2.640969
28.641134	5.348475
27.945169	3.881803
26.050261	1.622005
27.566984	3.261346
99.000000	99.000000
28.653597	5.379264
23.285670	0.454082
26.358011	1.868969
26.001682	1.586121
30.830434	14.657714
27.344551	2.943809
99.000000	99.000000
24.476273	0.785696
27.357585	2.961532
27.681510	3.437965
27.991408	3.965344
27.682653	3.439787
27.288631	2.868971
27.471201	3.120608
27.565726	3.259450
27.891684	3.787363
27.842392	3.702356
30.395350	11.997265
27.887115	3.779386
24.535943	0.807586
28.654792	5.382173
25.273861	1.134415
27.994058	3.970193
23.541677	0.510899
26.057141	1.627151
28.118439	4.204242
25.841579	1.473384
29.921176	9.643727
27.757679	3.560699
24.298514	0.723940
22.972587	0.393113
27.995771	3.973335
27.556320	3.245374
24.905005	0.957197
24.056740	0.647662
28.337103	4.649659
32.376955	29.883036
28.051478	4.076595
23.443559	0.488328
27.309300	2.896410
28.229670	4.425214
25.959788	1.555816
22.851710	0.371828
25.372163	1.186950
29.693068	8.681691
27.614732	3.333859
30.931841	15.358575
29.642229	8.481047
28.197494	4.360138
26.868784	2.364592
27.927915	3.851069
27.867840	3.745997
27.262879	2.835147
28.609395	5.270815
27.679126	3.434209
27.276677	2.853220
29.903549	9.565743
27.750886	3.549579
29.714975	8.769805
99.000000	99.000000
23.719825	0.554581
26.921670	2.422892
28.071638	4.114599
24.401709	0.759175
28.059519	4.091713
29.558904	8.161737
26.314416	1.831822
27.608163	3.323770
29.552054	8.136030
27.015172	2.529496
26.815524	2.307302
23.691369	0.547361
23.376935	0.473573
27.262757	2.834989
23.641255	0.534873
29.404006	7.599746
24.609924	0.835574
28.282762	4.534722
26.520039	2.013759
26.379328	1.887410
26.034776	1.610481
28.036248	4.048079
99.000000	99.000000
25.551741	1.289283
28.153980	4.273629
28.811585	5.785133
29.645592	8.494084
28.718689	5.542921
27.656745	3.398986
27.854214	3.722573
26.308363	1.826721
25.204279	1.098642
28.065589	4.103170
27.962202	3.912369
25.809423	1.451725
25.984781	1.573823
22.534676	0.321318
24.032891	0.640587
25.744911	1.409231
28.368079	4.716466
27.134153	2.671959
27.234735	2.798637
99.000000	99.000000
23.946890	0.615712
25.292793	1.144349
26.168668	1.712906
26.423265	1.925986
27.665346	3.412465
26.583630	2.073605
27.893430	3.790426
28.831017	5.837132
22.498044	0.315943
24.320483	0.731301
27.122028	2.657084
28.133239	4.233009
25.798133	1.444197
27.127353	2.663606
25.891904	1.507930
27.265361	2.838387
22.742963	0.353665
22.395369	0.301352
29.313797	7.290475
29.219610	6.981091
28.354924	4.687970
26.109717	1.667030
27.234038	2.797741
25.436123	1.222432
27.370826	2.979642
99.000000	99.000000
24.973465	0.987854
27.499989	3.162268
28.462678	4.926486
28.317263	4.607370
26.790888	2.281277
28.093679	4.156583
25.688827	1.373300
27.113628	2.646822
26.144506	1.693951
27.650790	3.389668
27.193977	2.746596
28.646957	5.362774
27.189025	2.740345
23.110977	0.418982
28.961648	6.199178
25.223315	1.108314
30.609551	13.240884
26.891946	2.389949
26.822273	2.314484
27.314843	2.903806
28.531059	5.084057
25.994459	1.580853
26.281818	1.804526
26.469294	1.967248
27.579610	3.280372
28.345374	4.667371
27.447740	3.087076
26.974057	2.482048
26.904703	2.404031
24.675864	0.861337
27.504853	3.169355
28.180131	4.325388
24.704468	0.872757
28.255423	4.478012
27.368554	2.976531
28.862888	5.923439
26.476063	1.973391
27.203495	2.758664
27.072279	2.596903
27.669298	3.418702
28.452423	4.903255
99.000000	99.000000
26.878455	2.375154
25.551366	1.289060
26.721532	2.209562
22.491940	0.315056
27.337265	2.933959
27.147317	2.688214
27.210683	2.767817
26.649252	2.137228
25.940438	1.542012
99.000000	99.000000
27.904704	3.810145
22.889473	0.378351
29.346189	7.400142
27.690725	3.452581
27.242116	2.808170
32.210974	27.684291
27.488187	3.145122
28.852462	5.895083
26.344792	1.857628
25.549099	1.287714
26.088607	1.650902
23.569635	0.517520
26.965967	2.472826
27.198162	2.751895
27.078609	2.604484
99.000000	99.000000
28.045486	4.065348
24.646631	0.849819
24.916716	0.962373
27.018581	2.533472
27.821768	3.667353
33.391368	47.693182
24.415026	0.763845
99.000000	99.000000
26.564004	2.054947
28.750679	5.625131
27.364588	2.971099
24.025261	0.638341
21.352499	0.186423
27.842407	3.702393
99.000000	99.000000
26.964626	2.471302
27.743742	3.537939
26.040156	1.614474
28.706120	5.510948
26.160256	1.706283
28.346225	4.669203
24.781225	0.904160
27.038825	2.557206
29.308042	7.271175
26.302834	1.822080
30.434165	12.213604
26.432336	1.934047
26.578967	2.069158
27.166296	2.711815
27.398613	3.018017
26.441128	1.941893
28.331228	4.637122
24.540350	0.809226
28.718289	5.541892
28.326103	4.626161
29.681428	8.635421
30.056263	10.262665
28.154000	4.273652
26.764490	2.253712
99.000000	99.000000
23.325066	0.462395
26.774223	2.263837
26.173080	1.716392
99.000000	99.000000
27.825821	3.674222
26.960100	2.466154
27.703195	3.472483
27.251895	2.820845
25.234028	1.113795
26.051604	1.623010
26.547384	2.039279
26.251119	1.779197
28.585764	5.213771
24.336492	0.736713
25.446878	1.228501
25.497249	1.257331
27.286497	2.866156
25.758958	1.418377
23.465298	0.493242
28.401956	4.790604
26.827561	2.320127
28.366390	4.712775
27.493095	3.152239
99.000000	99.000000
24.713102	0.876235
29.046671	6.446638
27.842333	3.702249
25.948827	1.547980
27.239141	2.804330
25.008598	1.003967
26.070192	1.636962
25.828383	1.464457
28.330527	4.635594
25.828136	1.464289
27.493160	3.152337
27.524142	3.197626
27.856970	3.727299
25.168658	1.080765
99.000000	99.000000
28.442549	4.881022
27.600668	3.312327
27.530711	3.207312
26.986109	2.495870
26.194682	1.733550
99.000000	99.000000
25.449544	1.230010
23.330413	0.463535
25.195829	1.094374
25.952729	1.550766
28.032022	4.040221
27.291781	2.873139
27.357290	2.961130
25.565569	1.297520
26.072837	1.638956
30.388962	11.961654
28.685251	5.458232
27.564181	3.257140
99.000000	99.000000
99.000000	99.000000
27.535525	3.214443
26.608076	2.097085
26.459931	1.958781
23.488537	0.498548
26.887045	2.384566
26.940028	2.443459
27.277190	2.853900
28.764161	5.660174
23.056653	0.408630
27.936354	3.866064
26.284870	1.807068
25.403672	1.204300
29.539265	8.088120
99.000000	99.000000
25.036497	1.016949
99.000000	99.000000
28.122245	4.211629
27.643554	3.378406
26.000317	1.585126
28.380369	4.743251
24.197952	0.691179
99.000000	99.000000
25.776053	1.429588
24.015701	0.635536
30.663600	13.574719
99.000000	99.000000
22.899020	0.380018
25.571415	1.301018
27.480076	3.133399
26.172664	1.716062
24.926844	0.966871
26.342161	1.855377
99.000000	99.000000
27.421691	3.050261
99.000000	99.000000
26.721283	2.209309
99.000000	99.000000
27.202768	2.757738
26.505458	2.000284
25.592627	1.313789
27.029289	2.545994
25.969129	1.562522
27.416109	3.042441
24.876098	0.944538
26.717136	2.205093
26.702954	2.190735
27.758905	3.562703
25.915733	1.524568
99.000000	99.000000
26.758995	2.248014
19.218608	0.069779
27.204421	2.759837
28.967086	6.214622
99.000000	99.000000
27.766317	3.574903
26.615344	2.104112
24.428223	0.768501
26.360684	1.871272
26.183480	1.724632
28.366317	4.712639
99.000000	99.000000
26.448370	1.948379
28.896233	6.015160
99.000000	99.000000
27.594562	3.303025
24.079413	0.654459
23.786565	0.571891
24.087569	0.656922
29.499653	7.941907
26.905280	2.404673
22.573386	0.327098
23.102530	0.417355
27.493926	3.153449
28.982203	6.258048
25.988606	1.576599
28.601880	5.252614
26.652132	2.140061
26.788309	2.278570
26.564394	2.055318
28.377978	4.738001
24.686150	0.865426
26.585003	2.074916
29.729603	8.829124
31.085676	16.486545
28.953874	6.176924
22.775540	0.359011
26.800405	2.291298
25.946093	1.546033
29.185236	6.871524
26.767318	2.256644
28.431278	4.855772
26.535828	2.028457
26.694111	2.181838
26.544615	2.036677
25.351698	1.175817
21.920013	0.242104
28.613595	5.281013
31.255948	17.832432
27.844299	3.705596
27.300293	2.884420
24.821140	0.920933
25.122521	1.058045
25.755807	1.416319
24.083979	0.655837
26.631246	2.119575
24.257785	0.710488
24.423963	0.766995
28.701316	5.498715
29.170572	6.825174
22.417526	0.304442
28.902893	6.033638
26.447752	1.947828
27.535278	3.214074
23.181017	0.432716
25.902662	1.515417
28.064913	4.101878
25.674838	1.364481
27.018888	2.533835
33.606232	52.634349
26.638803	2.126966
26.884388	2.381651
26.936501	2.439498
27.714724	3.490970
27.214649	2.772872
26.634255	2.122515
26.253545	1.781184
27.908620	3.817020
23.928414	0.610496
23.412510	0.481396
25.035232	1.016357
25.530248	1.276584
31.690839	21.787850
28.990398	6.281746
25.266765	1.130714
27.340729	2.938636
27.820324	3.664921
28.337056	4.649567
26.362172	1.872554
24.759163	0.895019
99.000000	99.000000
25.707189	1.384961
25.304076	1.150311
26.514567	2.008691
24.485072	0.788887
27.255235	2.825185
29.039206	6.424468
26.287287	1.809077
27.436623	3.071313
26.833016	2.325965
27.520341	3.192044
26.763283	2.252461
19.892144	0.095154
26.549268	2.041051
23.972875	0.623125
27.867322	3.745108
25.986573	1.575124
25.692472	1.375607
30.608790	13.235985
27.290617	2.871601
27.736252	3.525738
27.731122	3.517408
26.294854	1.815394
27.574086	3.272033
29.926236	9.665888
28.609063	5.270011
29.654243	8.528145
24.198381	0.691315
27.683411	3.440970
26.957956	2.463717
24.058869	0.648297
22.860956	0.373415
25.219697	1.106469
25.063550	1.029698
27.767775	3.577288
28.570175	5.176478
99.000000	99.000000
26.971017	2.478587
30.316698	11.570147
27.599537	3.310609
24.721727	0.879722
25.838466	1.471273
27.542446	3.224705
99.000000	99.000000
25.959578	1.555662
28.217555	4.400589
25.244978	1.119427
26.675895	2.163608
27.950877	3.892026
28.278305	4.525466
28.597306	5.241524
28.543393	5.113043
28.010926	4.001169
23.835289	0.584868
29.058102	6.480596
23.221036	0.440765
25.700678	1.380815
99.000000	99.000000
26.604244	2.093381
28.191587	4.348258
99.000000	99.000000
28.023671	4.024686
27.926113	3.847895
26.756534	2.245466
27.880883	3.768576
25.007291	1.003364
30.851874	14.803419
27.182643	2.732303
26.682692	2.170392
25.334212	1.166387
27.875300	3.758884
27.335752	2.931910
99.000000	99.000000
99.000000	99.000000
23.811667	0.578540
26.106578	1.664622
25.627736	1.335203
25.407801	1.206591
26.741340	2.229813
23.787826	0.572223
25.730464	1.399887
25.105462	1.049767
26.736799	2.225151
22.851776	0.371839
28.778623	5.698019
26.681894	2.169594
27.256024	2.826216
26.064954	1.633019
28.792923	5.735730
99.000000	99.000000
23.429163	0.485101
26.646745	2.134756
27.571381	3.267960
27.720775	3.500699
26.921345	2.422525
25.066940	1.031307
26.872158	2.368274
28.765658	5.664132
26.154650	1.701884
99.000000	99.000000
26.576376	2.066691
25.095637	1.045026
29.389122	7.547770
27.516674	3.186655
29.176709	6.844467
25.578240	1.305112
26.130905	1.683376
25.083512	1.039208
26.131292	1.683677
26.838563	2.331914
24.966315	0.984607
24.998008	0.999083
99.000000	99.000000
24.422677	0.766541
25.699389	1.379996
27.744557	3.539257
23.910286	0.605421
24.688820	0.866491
99.000000	99.000000
29.735033	8.851379
26.493891	1.989656
26.125209	1.678967
28.131490	4.229575
28.003425	3.987360
24.013187	0.634801
25.848868	1.478339
29.146562	6.750216
29.046941	6.447498
27.300194	2.884289
26.160335	1.706346
28.995422	6.296333
27.251334	2.820110
99.000000	99.000000
25.555552	1.291548
31.259753	17.862795
26.361597	1.872057
31.651371	21.391304
25.339725	1.169352
29.297473	7.236033
25.803278	1.447625
27.827684	3.677381
26.809667	2.301085
25.270394	1.132607
27.208788	2.765392
99.000000	99.000000
23.064030	0.410021
27.363171	2.969162
26.525584	2.018909
28.643964	5.355379
25.401071	1.202858
26.094205	1.655165
26.759467	2.248506
25.822276	1.460344
27.661547	3.406498
28.733061	5.579701
28.403727	4.794515
26.677681	2.165387
25.680236	1.367877
27.855478	3.724733
28.929744	6.108739
27.197086	2.750537
27.151333	2.693187
26.221291	1.754922
28.729316	5.570134
29.076450	6.535731
26.766422	2.255715
25.844556	1.475404
27.563341	3.255881
26.658756	2.146600
25.724125	1.395805
24.427841	0.768366
27.186435	2.737075
27.822747	3.669005
27.156211	2.699244
27.274778	2.850722
32.758684	35.615482
29.034913	6.411898
26.214331	1.749309
25.943004	1.543834
28.442601	4.881135
24.581572	0.824735
23.989046	0.627782
27.248953	2.817020
31.725925	22.142157
28.383648	4.750417
28.163781	4.292936
99.000000	99.000000
28.698005	5.490384
26.164237	1.709415
26.839207	2.332606
27.205579	2.761311
27.587714	3.292631
25.676452	1.365497
27.502750	3.166291
28.091673	4.152741
24.746320	0.889742
28.968261	6.217986
27.104101	2.635241
99.000000	99.000000
27.899452	3.800919
26.620398	2.109015
28.508232	5.030904
27.965647	3.918586
24.750490	0.891452
28.050234	4.074249
27.847509	3.711100
24.435802	0.771188
99.000000	99.000000
99.000000	99.000000
26.404257	1.909202
31.011535	15.933740
27.641870	3.375768
27.539695	3.220620
25.678103	1.366535
25.628557	1.335708
28.073827	4.118732
23.768413	0.567130
27.382290	2.995424
26.406801	1.911437
99.000000	99.000000
27.714790	3.491060
27.906345	3.813013
99.000000	99.000000
27.509356	3.175940
26.796922	2.287623
26.767445	2.256781
26.618164	2.106846
27.295597	2.878192
26.888775	2.386466
24.035489	0.641354
25.575193	1.303282
25.745465	1.409591
29.520884	8.020133
30.709157	13.862029
27.509334	3.175896
25.365716	1.183432
25.641006	1.343387
29.512397	7.988768
26.206407	1.742936
28.782331	5.707737
26.930746	2.433042
31.676505	21.641686
26.736589	2.224939
28.158929	4.283374
28.251728	4.470393
26.805542	2.296725
29.698483	8.703432
26.329531	1.844616
25.169574	1.081223
27.781604	3.600137
99.000000	99.000000
28.185058	4.335213
26.912429	2.412603
27.096198	2.625663
27.791201	3.616097
27.971331	3.928871
28.913019	6.061806
27.647178	3.384045
25.687824	1.372667
24.634298	0.845005
27.512646	3.180753
24.355207	0.743090
28.420757	4.832271
27.755081	3.556449
29.241902	7.053079
26.784347	2.274410
28.271059	4.510355
27.048517	2.568641
25.978808	1.569500
26.972339	2.480093
27.897744	3.797929
99.000000	99.000000
27.606437	3.321138
99.000000	99.000000
24.910076	0.959434
29.192902	6.895673
27.005455	2.518203
28.385855	4.755201
27.426571	3.057132
25.064869	1.030324
29.120606	6.669944
27.706420	3.477626
31.035784	16.112928
26.478662	1.975751
27.766483	3.575170
28.571252	5.179068
28.709224	5.518807
30.412836	12.093608
29.424453	7.671650
29.201662	6.923685
27.424533	3.054255
26.503713	1.998678
27.890875	3.785945
27.883771	3.773599
25.105934	1.049994
99.000000	99.000000
27.307871	2.894511
27.480385	3.133840
27.972068	3.930198
25.443428	1.226552
25.886078	1.503889
26.568277	2.058996
28.405450	4.798310
28.219892	4.405314
26.872706	2.368875
29.058968	6.483250
26.751248	2.240009
26.311570	1.829424
28.018828	4.015755
29.517606	8.008016
25.138698	1.065957
25.690120	1.374117
26.585274	2.075172
31.904257	24.034084
26.417228	1.920638
25.114584	1.054185
27.588349	3.293584
99.000000	99.000000
32.205993	27.619375
28.596322	5.239192
26.148423	1.697012
27.894663	3.792575
29.339609	7.377749
27.065629	2.588962
27.377954	2.989446
28.074362	4.119758
29.364718	7.463570
28.048973	4.071875
26.770224	2.259671
26.394530	1.900666
29.087451	6.568889
28.743898	5.607685
25.786857	1.436718
26.577090	2.067367
29.227096	7.005202
27.534706	3.213228
27.916128	3.830245
28.084507	4.139059
28.142795	4.251645
25.620359	1.330676
24.681798	0.863693
24.126256	0.668731
27.300808	2.885098
27.777362	3.593124
30.729373	13.991582
27.373017	2.982661
25.286372	1.140971
27.444826	3.082946
28.065863	4.103668
29.445747	7.747194
99.000000	99.000000
99.000000	99.000000
27.282980	2.861512
99.000000	99.000000
28.366727	4.713530
28.468650	4.940015
26.550603	2.042307
25.950381	1.549089
99.000000	99.000000
28.325616	4.625110
29.747524	8.902203
25.478119	1.246304
27.621960	3.344962
27.789173	3.612728
26.268036	1.793112
26.049696	1.621582
27.077740	2.603445
24.682498	0.863972
27.055820	2.577295
26.966538	2.473478
26.204930	1.741751
25.715230	1.390099
26.697517	2.185260
25.465876	1.239297
27.071752	2.596270
27.590176	3.296360
25.584913	1.309130
27.304030	2.889398
26.658080	2.145929
26.599402	2.088717
26.353632	1.865203
24.752699	0.892359
25.627421	1.335009
25.688362	1.373006
25.709434	1.386394
24.724247	0.880743
25.099553	1.046913
25.910969	1.521225
26.612032	2.100904
24.742726	0.888270
25.300164	1.148241
25.621523	1.331388
26.415076	1.918737
27.023583	2.539314
23.884387	0.598243
26.077643	1.642586
26.144045	1.693593
25.681049	1.368390
26.886200	2.383636
25.303006	1.149744
26.230829	1.762649
