#	mag	magerr
25.118401	1.056040
22.441865	0.307874
27.451430	3.092336
26.850478	2.344747
23.887067	0.598981
24.083359	0.655649
28.187018	4.339114
27.222869	2.783387
27.406065	3.028394
29.708149	8.742510
28.866551	5.933530
23.699170	0.549331
25.841815	1.473543
28.615323	5.285287
27.157082	2.700323
25.224652	1.108998
27.930430	3.855540
27.575936	3.274814
26.006486	1.589633
27.367602	2.975223
27.777054	3.592620
26.758315	2.247308
26.450185	1.950012
24.601123	0.832194
26.793348	2.283856
29.699964	8.709474
27.031445	2.548527
28.199374	4.363905
28.569681	5.175300
25.751768	1.413688
27.702619	3.471546
99.000000	99.000000
26.362595	1.872919
27.242305	2.808420
25.891321	1.507524
26.666347	2.154116
26.812159	2.303730
26.410445	1.914647
25.943877	1.544457
24.978055	0.989944
27.206979	2.763095
27.547187	3.231746
26.946667	2.450949
23.938691	0.613392
28.094579	4.158286
28.070058	4.111609
25.275497	1.135270
25.863611	1.488409
25.968236	1.561877
26.709246	2.197096
27.433115	3.066363
26.720663	2.208677
27.166408	2.711954
27.484552	3.139866
23.137505	0.424132
26.762133	2.251266
25.671135	1.362156
26.721145	2.209165
28.130966	4.228552
27.971079	3.928409
25.896840	1.511362
26.531712	2.024615
22.079048	0.260501
23.373990	0.472931
27.595487	3.304430
26.366960	1.876686
27.199693	2.753835
28.544728	5.116192
19.067184	0.065078
27.747840	3.544622
29.595457	8.300310
25.666118	1.359013
26.224395	1.757436
27.805809	3.640505
27.228080	2.790075
27.234378	2.798179
27.374969	2.985348
26.062992	1.631541
26.486732	1.983109
25.182230	1.087541
24.132700	0.670718
27.447234	3.086359
29.139167	6.727248
26.985393	2.495045
27.816887	3.659137
28.374304	4.729982
25.066679	1.031183
27.755053	3.556410
27.517214	3.187438
25.927366	1.532756
29.190066	6.886744
26.673134	2.160858
29.090970	6.579524
26.990637	2.501082
25.385171	1.194083
27.030071	2.546912
24.425366	0.767491
28.556098	5.143046
27.134029	2.671811
28.030835	4.038008
28.783286	5.710252
29.501161	7.947511
28.038831	4.052892
25.829012	1.464881
28.248392	4.463531
24.760730	0.895666
27.790591	3.615071
25.459519	1.235674
25.777379	1.430460
27.363046	2.968998
27.480300	3.133722
27.962734	3.913337
27.094485	2.623596
27.449584	3.089697
29.032327	6.404151
22.319752	0.291038
27.412186	3.036948
30.560428	12.944873
27.662631	3.408217
25.846207	1.476527
24.272649	0.715369
24.552397	0.813728
23.298652	0.456805
27.679664	3.435038
25.809526	1.451796
26.642321	2.130414
27.100248	2.630568
26.536726	2.029296
27.354163	2.956870
25.553795	1.290504
27.505475	3.170256
26.197508	1.735809
27.575447	3.274079
26.792601	2.283077
23.708763	0.551763
26.031152	1.607793
24.635260	0.845380
28.221705	4.409004
25.794089	1.441511
28.223099	4.411827
28.032217	4.040571
28.267354	4.502696
29.334009	7.358694
27.581153	3.282689
23.307177	0.458601
22.402184	0.302299
26.116127	1.671958
25.707337	1.385055
24.019315	0.636594
24.610242	0.835696
26.129395	1.682206
23.361651	0.470252
25.842138	1.473763
26.637036	2.125237
27.294195	2.876331
24.643730	0.848684
25.120685	1.057151
24.466796	0.782275
23.580710	0.520166
28.290222	4.550315
27.500684	3.163273
24.333575	0.735724
26.459806	1.958667
25.896565	1.511168
25.002040	1.000940
24.390547	0.755283
26.708758	2.196602
27.657397	3.400012
27.726163	3.509409
26.773094	2.262657
26.171753	1.715341
25.816779	1.456653
23.432453	0.485837
26.643771	2.131838
26.496137	1.991713
27.192217	2.744378
27.828771	3.679211
26.624283	2.112794
26.621877	2.110450
26.627958	2.116369
25.772088	1.426979
23.556773	0.514464
25.559793	1.294072
26.594708	2.084212
99.000000	99.000000
28.189433	4.343982
24.198850	0.691465
27.725067	3.507640
22.395588	0.301382
27.719325	3.498366
29.517676	8.008209
28.616051	5.287044
26.982241	2.491431
27.640275	3.373305
24.943917	0.974504
25.633259	1.338602
27.673264	3.424950
26.358538	1.869422
25.528494	1.275555
28.489732	4.988206
27.000756	2.512764
25.983861	1.573157
25.160324	1.076626
28.165763	4.296887
27.826686	3.675678
28.293825	4.557878
26.070059	1.636859
24.177419	0.684674
25.689097	1.373472
27.758395	3.561881
26.321074	1.837446
21.777575	0.226733
30.160476	10.767215
25.669390	1.361063
25.675157	1.364683
27.647775	3.384979
27.587078	3.291669
25.940293	1.541909
25.162225	1.077569
26.344237	1.857152
25.328380	1.163258
26.316794	1.833831
23.520238	0.505880
24.406237	0.760759
27.517380	3.187691
27.142729	2.682541
26.500336	1.995568
22.723356	0.350486
27.795198	3.622766
28.064036	4.100232
26.961640	2.467900
27.761071	3.566269
99.000000	99.000000
25.665547	1.358656
26.164998	1.710015
26.994495	2.505527
27.686784	3.446333
24.749382	0.890998
25.614301	1.326967
27.246414	2.813735
25.496107	1.256671
25.993450	1.580119
24.388971	0.754735
26.821680	2.313852
24.058389	0.648153
22.991570	0.396565
27.730585	3.516546
27.419733	3.047514
27.446582	3.085432
25.182411	1.087633
28.778059	5.696586
26.432486	1.934184
22.757564	0.356051
26.700279	2.188045
22.016248	0.253075
27.951979	3.894009
28.414386	4.818116
28.291032	4.552051
26.808070	2.299400
22.457453	0.310092
23.770023	0.567551
32.070684	25.948822
26.531530	2.024447
24.703989	0.872565
26.339022	1.852698
29.859644	9.373989
23.926567	0.609977
26.261025	1.787329
25.738811	1.405277
27.571486	3.268114
28.060792	4.094100
22.715238	0.349179
99.000000	99.000000
24.237672	0.703938
25.633850	1.338968
27.326653	2.919658
27.277101	2.853782
25.328169	1.163144
26.223065	1.756357
25.345077	1.172237
27.601156	3.313071
25.454628	1.232894
27.922054	3.840704
26.187035	1.727456
26.888386	2.386037
27.249461	2.817681
27.641338	3.374957
26.224969	1.757898
25.530494	1.276730
26.753855	2.242703
27.963166	3.914115
17.041785	0.025607
27.101518	2.632103
26.881258	2.378217
26.310866	1.828829
26.364802	1.874825
27.019258	2.534267
26.646453	2.134474
21.819529	0.231156
26.569990	2.060622
27.807710	3.643698
28.121475	4.210114
25.126527	1.059999
26.307968	1.826390
26.456740	1.955906
28.783605	5.711113
27.852154	3.719046
21.464225	0.196266
27.344448	2.943676
25.393859	1.198869
25.619935	1.330413
24.938731	0.972179
25.349504	1.174630
28.003995	3.988388
23.998223	0.630441
26.960496	2.466604
23.988857	0.627728
21.143292	0.169301
25.083980	1.039432
26.488070	1.984332
26.498573	1.993949
25.771262	1.426437
27.319072	2.909475
22.709725	0.348293
27.117247	2.651238
26.921861	2.423108
27.416451	3.042917
27.984635	3.952996
26.830857	2.323654
24.953404	0.978770
28.164141	4.293660
25.696436	1.378121
26.241242	1.771121
18.750006	0.056234
26.742485	2.230987
23.135605	0.423761
25.205917	1.099470
28.044966	4.064391
27.393738	3.011253
25.577576	1.304715
24.011586	0.634333
27.498145	3.159577
28.497677	5.006517
24.851842	0.934047
28.025273	4.027675
25.236857	1.115248
26.381756	1.889518
26.488001	1.984266
24.504086	0.795824
28.177696	4.320553
27.570732	3.266978
27.477074	3.129076
28.608219	5.267997
24.143623	0.674101
28.190930	4.346970
27.594953	3.303626
26.299415	1.819210
27.112161	2.645039
24.509203	0.797702
25.237018	1.115330
25.279004	1.137105
27.966898	3.920844
28.874454	5.955068
28.223268	4.412183
27.444754	3.082845
26.976849	2.485248
22.304737	0.289033
27.067435	2.591118
26.903267	2.402446
24.500597	0.794547
25.238529	1.116107
27.913170	3.825016
22.312586	0.290080
25.968385	1.561986
25.520821	1.271055
27.248410	2.816319
25.853395	1.481424
25.907014	1.518458
24.179653	0.685379
25.382274	1.192489
28.068206	4.108094
25.951716	1.550041
27.329740	2.923806
26.238205	1.768645
27.749984	3.548103
24.061610	0.649115
22.809603	0.364687
26.064557	1.632721
26.993977	2.504929
26.852228	2.346636
25.869795	1.492654
27.561616	3.253294
25.659134	1.354648
23.394294	0.477374
27.087832	2.615572
27.054767	2.576039
27.560536	3.251679
27.442064	3.079028
27.911233	3.821618
26.572899	2.063386
26.222241	1.755691
27.476755	3.128607
27.149469	2.690875
25.525509	1.273802
27.573993	3.271882
26.469517	1.967446
23.798634	0.575078
28.862317	5.921936
27.539267	3.219984
24.526668	0.804144
25.114116	1.053958
26.041045	1.615136
26.822151	2.314358
24.751991	0.892068
25.615005	1.327398
25.017946	1.008299
26.781750	2.271695
22.199973	0.275419
26.825932	2.318384
99.000000	99.000000
27.394113	3.011783
26.714974	2.202899
26.990216	2.500594
23.337830	0.465121
28.004548	3.989416
26.650736	2.138683
27.709194	3.482073
27.291351	2.872562
27.974419	3.934443
23.920794	0.608357
24.730465	0.883269
30.180420	10.866218
27.106328	2.637950
25.052834	1.024630
27.774297	3.588053
29.464746	7.815233
27.258994	2.830082
27.091843	2.620405
27.525419	3.199507
24.499427	0.794119
26.909583	2.409438
25.455612	1.233452
26.805559	2.296741
26.888077	2.385694
25.316453	1.156886
25.734634	1.402576
28.096308	4.161604
25.081296	1.038148
19.302664	0.072533
22.693971	0.345776
24.105590	0.662397
27.318906	2.909252
23.330050	0.463458
23.563119	0.515969
23.400879	0.478824
27.592822	3.300394
25.263937	1.129243
27.068398	2.592267
24.332514	0.735364
25.126729	1.060098
99.000000	99.000000
23.329652	0.463373
26.833251	2.326214
27.002224	2.514456
27.458001	3.101709
27.766220	3.574749
26.035246	1.610829
25.311270	1.154128
26.987003	2.496895
24.498463	0.793766
26.459119	1.958049
27.273870	2.849531
27.984923	3.953515
23.985122	0.626649
26.219076	1.753132
30.002827	10.013034
26.966358	2.473271
26.209386	1.745328
25.088528	1.041611
99.000000	99.000000
24.396793	0.757458
27.286515	2.866170
99.000000	99.000000
27.435855	3.070226
28.473057	4.950062
27.334717	2.930507
26.278193	1.801517
26.957660	2.463384
22.965435	0.391820
26.300921	1.820474
26.635581	2.123811
26.501932	1.997037
25.829359	1.465115
28.531115	5.084191
25.837824	1.470839
24.697275	0.869871
23.008092	0.399593
24.960954	0.982180
25.521224	1.271290
24.846531	0.931765
25.595179	1.315333
29.291973	7.217702
26.542231	2.034445
25.845497	1.476043
27.450590	3.091127
29.812959	9.174747
26.355439	1.866759
27.359167	2.963698
29.124962	6.683357
28.123112	4.213307
24.997084	0.998659
25.071841	1.033638
27.693342	3.456756
26.554042	2.045541
26.728797	2.216970
28.970151	6.223401
24.898986	0.954547
26.820019	2.312089
23.784436	0.571330
26.646676	2.134693
22.855576	0.372491
27.347897	2.948348
25.812817	1.453996
24.721135	0.879482
27.747881	3.544680
26.119955	1.674906
24.866334	0.940300
27.684427	3.442592
26.132983	1.684987
26.292595	1.813505
99.000000	99.000000
25.735195	1.402940
27.175638	2.723507
24.429030	0.768787
25.578064	1.305008
27.726846	3.510494
24.958141	0.980908
27.539571	3.220429
25.567424	1.298629
27.179333	2.728139
28.968303	6.218188
28.210994	4.387300
27.865405	3.741806
25.584996	1.309180
25.978837	1.569521
26.116084	1.671926
27.155270	2.698071
27.145655	2.686158
28.086648	4.143127
25.224198	1.108765
25.771695	1.426721
26.023088	1.601833
26.581857	2.071913
27.355797	2.959100
25.044529	1.020719
26.434670	1.936128
26.405992	1.910729
29.165022	6.807851
25.603015	1.320089
27.879943	3.766946
26.635493	2.123729
23.030004	0.403646
25.586246	1.309934
28.509938	5.034831
27.138712	2.677583
26.866631	2.362252
27.378886	2.990725
25.340337	1.169681
27.709616	3.482758
22.700326	0.346789
22.812792	0.365223
24.972731	0.987520
26.867510	2.363210
26.033872	1.609808
27.407919	3.030978
27.391781	3.008544
25.111826	1.052847
22.165434	0.271073
26.833527	2.326508
22.887302	0.377973
26.155632	1.702655
24.366827	0.747077
25.079875	1.037469
25.795080	1.442170
27.050654	2.571170
27.743130	3.536923
28.460888	4.922391
27.103461	2.634463
28.595488	5.237198
23.024388	0.402603
27.718860	3.497615
26.991969	2.502618
24.588759	0.827469
27.133897	2.671651
26.430559	1.932463
24.872696	0.943060
25.602057	1.319507
28.620430	5.297662
25.885315	1.503361
27.079899	2.606038
25.458133	1.234885
28.458522	4.917072
27.851269	3.717533
26.873334	2.369554
27.212589	2.770241
99.000000	99.000000
27.640411	3.373499
27.035883	2.553741
27.686410	3.445740
26.729459	2.217644
24.740014	0.887161
27.827640	3.677286
24.953835	0.978965
24.751063	0.891687
22.113574	0.264676
27.083133	2.609923
26.310314	1.828365
27.627917	3.354162
25.578756	1.305423
21.516317	0.201031
99.000000	99.000000
27.434035	3.067662
27.814796	3.655597
27.637918	3.369634
25.291100	1.143457
22.285234	0.286449
24.026539	0.638716
22.861354	0.373483
27.206764	2.762822
28.292810	4.555800
29.364476	7.462631
24.141214	0.673353
27.199503	2.753598
26.682047	2.169749
26.063883	1.632213
26.986759	2.496615
26.947202	2.451544
27.713759	3.489413
28.793423	5.737024
25.360920	1.180822
27.929301	3.853522
24.710014	0.874989
28.035786	4.047240
26.268497	1.793493
24.596131	0.830283
23.394872	0.477501
27.516376	3.186218
27.763393	3.570081
26.866491	2.362099
26.469218	1.967180
25.582684	1.307787
25.377779	1.190024
27.009408	2.522791
25.127550	1.060499
25.675550	1.364928
28.157118	4.279788
27.269603	2.843942
25.021372	1.009891
26.488899	1.985089
27.577731	3.277524
25.733210	1.401658
25.891001	1.507303
22.287861	0.286795
26.482041	1.978827
28.567241	5.169508
21.990082	0.250044
26.502261	1.997343
26.638572	2.126740
27.353944	2.956573
26.601830	2.091058
29.296451	7.232516
25.752414	1.414109
27.062736	2.585517
26.989076	2.499275
27.283673	2.862431
22.935447	0.386446
25.878280	1.498498
27.596115	3.305393
22.967821	0.392251
26.960351	2.466438
28.149942	4.265680
25.826617	1.463265
25.831970	1.466878
26.167805	1.712226
25.820305	1.459020
26.558448	2.049697
25.956165	1.553221
26.028167	1.605583
24.616717	0.838192
27.549230	3.234799
24.883633	0.947822
24.935063	0.970538
26.682226	2.169928
27.679984	3.435555
24.380518	0.751802
23.674516	0.543129
24.876622	0.944767
26.834250	2.327283
26.984987	2.494580
26.491787	1.987728
25.921604	1.528695
27.245366	2.812372
26.519177	2.012958
22.886436	0.377822
27.577521	3.277202
29.101170	6.610470
26.559023	2.050240
26.505532	2.000352
24.343824	0.739205
26.608807	2.097788
25.883001	1.501759
27.028487	2.545059
27.669970	3.419745
27.243256	2.809642
24.717981	0.878206
19.512403	0.079888
27.100037	2.630307
25.459619	1.235731
27.893961	3.791344
27.172036	2.718989
26.967009	2.474014
23.825507	0.582239
25.761576	1.420088
27.175751	2.723641
23.942715	0.614530
19.548275	0.081219
25.558182	1.293113
25.968038	1.561735
25.749459	1.412185
26.753353	2.242179
27.295300	2.877795
27.982465	3.949067
27.786102	3.607614
26.505072	1.999928
28.202418	4.370044
26.371317	1.880458
26.029963	1.606914
28.373406	4.728014
26.037451	1.612466
25.807848	1.450673
25.166855	1.079869
26.931839	2.434267
26.715374	2.203304
29.223585	6.993837
24.364308	0.746211
26.418980	1.922191
24.738613	0.886590
23.916379	0.607122
27.137600	2.676209
23.756862	0.564121
25.849229	1.478583
27.073554	2.598435
25.470192	1.241761
28.068407	4.108469
27.277720	2.854586
27.735092	3.523860
21.901978	0.240102
27.937945	3.868906
22.168589	0.271467
26.140894	1.691137
27.815435	3.656678
27.208647	2.765216
25.642269	1.344168
29.103212	6.616654
26.033253	1.609351
23.617407	0.529031
27.285561	2.864925
27.548594	3.233845
23.083312	0.413678
26.938654	2.441915
27.444754	3.082845
24.576857	0.822946
24.122087	0.667448
27.009262	2.522620
27.450797	3.091422
23.538642	0.510186
24.804007	0.913695
26.353636	1.865210
26.595251	2.084732
27.350628	2.952069
25.409736	1.207667
26.816501	2.308346
27.613598	3.332123
25.549243	1.287801
21.036935	0.161208
28.158073	4.281684
28.024780	4.026771
22.643429	0.337820
25.589580	1.311946
26.494342	1.990071
25.679619	1.367488
27.435640	3.069929
26.514028	2.008195
24.923960	0.965588
23.958854	0.619115
26.080605	1.644829
26.667309	2.155070
25.181190	1.087021
27.779748	3.597068
27.568301	3.263325
27.292310	2.873837
27.602098	3.314518
28.341313	4.658673
26.888596	2.386265
25.334155	1.166356
22.377469	0.298878
25.020200	1.009345
25.928254	1.533384
27.671635	3.422380
24.312611	0.728656
24.705630	0.873225
27.329526	2.923513
28.335016	4.645218
26.432824	1.934481
27.315594	2.904820
24.593121	0.829133
27.459988	3.104545
25.533583	1.278546
25.760563	1.419424
27.251101	2.819815
26.279420	1.802537
27.333486	2.928853
28.338466	4.652575
27.355721	2.958989
27.011441	2.525155
25.941683	1.542896
22.949548	0.388964
21.746497	0.223511
25.800456	1.445744
26.568802	2.059496
24.838987	0.928534
27.384074	2.997879
26.975918	2.484183
25.577340	1.304572
25.628970	1.335962
26.127274	1.680561
28.398672	4.783366
27.263639	2.836142
28.373867	4.729062
24.751153	0.891725
22.333932	0.292945
27.153793	2.696235
24.931179	0.968803
22.974839	0.393521
26.431873	1.933634
27.629922	3.357251
27.179551	2.728419
25.950976	1.549512
26.304497	1.823473
25.381432	1.192027
26.774518	2.264140
27.187916	2.738944
27.456457	3.099489
23.440702	0.487686
27.593035	3.300715
26.196043	1.734636
25.833869	1.468161
27.507966	3.173911
27.491036	3.149253
25.823945	1.461466
25.186414	1.089640
27.106305	2.637916
26.878859	2.375593
27.084680	2.611775
24.652115	0.851968
25.191210	1.092049
26.510632	2.005057
27.871732	3.752732
26.790690	2.281070
27.993784	3.969696
27.007488	2.520559
24.921273	0.964394
27.631771	3.360118
27.056556	2.578165
24.661094	0.855498
24.548959	0.812441
27.153983	2.696473
28.114684	4.196967
26.559808	2.050979
23.416566	0.482295
26.670997	2.158738
26.877426	2.374021
29.221198	6.986237
24.202716	0.692697
28.247592	4.461875
27.013686	2.527769
22.173939	0.272137
27.255079	2.824979
26.702500	2.190286
26.150795	1.698865
25.408794	1.207143
28.219576	4.404711
28.573351	5.184037
26.752109	2.240897
27.426591	3.057162
27.433248	3.066541
26.767572	2.256908
26.713736	2.201645
27.492577	3.151491
28.016956	4.012283
25.732027	1.400895
25.872573	1.494566
26.595827	2.085285
24.516671	0.800450
28.608189	5.267906
26.256052	1.783245
99.000000	99.000000
25.941766	1.542956
26.541108	2.033396
25.992364	1.579329
25.243962	1.118903
27.863157	3.737925
24.133879	0.671082
25.279113	1.137163
25.031243	1.014492
25.314786	1.155998
24.533587	0.806710
27.887534	3.780129
28.147003	4.259935
25.948512	1.547756
25.714356	1.389540
25.989502	1.577250
27.167671	2.713526
28.490894	4.990883
27.539031	3.219625
28.037726	4.050820
25.585849	1.309694
21.974574	0.248265
21.745666	0.223426
23.708254	0.551634
22.762568	0.356873
23.349791	0.467690
24.548019	0.812090
23.393590	0.477219
25.619449	1.330117
23.180676	0.432648
26.314820	1.832162
24.595881	0.830187
24.265393	0.712982
26.287561	1.809307
27.488799	3.146006
28.450545	4.898982
27.052694	2.573589
26.633898	2.122164
26.487591	1.983891
26.933101	2.435679
26.370588	1.879824
26.641405	2.129515
23.908037	0.604794
24.223329	0.699304
26.484433	1.981014
28.890396	5.998956
27.265728	2.838865
19.997420	0.099881
27.476638	3.128446
28.585764	5.213744
26.991411	2.501972
27.049807	2.570163
27.057111	2.578833
27.064109	2.587154
25.699827	1.380275
24.858495	0.936913
25.136305	1.064783
26.383754	1.891256
26.908852	2.408635
25.348498	1.174085
24.947871	0.976280
26.359332	1.870107
26.481221	1.978080
26.098634	1.658545
25.976185	1.567608
24.314944	0.729439
22.544416	0.322763
26.579008	2.069199
27.635738	3.366252
26.078730	1.643411
26.087324	1.649926
27.636513	3.367466
28.539738	5.104455
27.113225	2.646337
27.434965	3.068963
24.272516	0.715325
27.815987	3.657614
25.845608	1.476120
27.238876	2.803985
23.897020	0.601733
26.934300	2.437022
99.000000	99.000000
26.917370	2.418098
26.730682	2.218893
23.059389	0.409146
26.540166	2.032512
22.546071	0.323009
25.832788	1.467431
26.543044	2.035208
28.047030	4.068238
26.931016	2.433346
25.955827	1.552979
27.354543	2.957380
27.573854	3.271675
26.492864	1.988716
23.833702	0.584441
26.466135	1.964387
26.298869	1.818752
27.443074	3.080459
26.741610	2.230084
27.829433	3.680329
26.528530	2.021649
23.229944	0.442577
27.780352	3.598074
27.435282	3.069416
23.673368	0.542842
27.199536	2.753636
27.154472	2.697085
27.566765	3.261017
26.919645	2.420634
26.804237	2.295342
24.775870	0.901932
25.775190	1.429020
27.293019	2.874771
25.846083	1.476444
27.812202	3.651233
27.691424	3.453707
25.693179	1.376054
25.950889	1.549452
29.134802	6.713648
26.525017	2.018381
27.040602	2.559291
27.535659	3.214635
24.426896	0.768032
25.560695	1.294610
26.112061	1.668831
26.904998	2.404366
26.896458	2.394923
27.365902	2.972902
25.498408	1.258003
27.132116	2.669460
23.214039	0.439347
25.637899	1.341467
28.186344	4.337793
25.753637	1.414906
24.606901	0.834411
26.692479	2.180196
25.296955	1.146545
26.695015	2.182747
26.582398	2.072430
24.828146	0.923909
99.000000	99.000000
26.143515	1.693180
24.686901	0.865725
24.713989	0.876593
26.670516	2.158258
27.190828	2.742621
20.856317	0.148342
24.669642	0.858872
99.000000	99.000000
27.924828	3.845620
26.847831	2.341884
26.304161	1.823192
26.927608	2.429526
27.121706	2.656691
26.524146	2.017573
25.516030	1.268254
24.280046	0.717810
27.735173	3.523986
25.267739	1.131222
27.965947	3.919117
26.752742	2.241550
27.404851	3.026704
27.632482	3.361212
26.972626	2.480417
27.016333	2.530857
26.323121	1.839182
25.509387	1.264379
27.235535	2.799672
27.302192	2.886943
26.577582	2.067838
22.188948	0.274025
26.078912	1.643548
26.434898	1.936332
28.678415	5.441086
23.048915	0.407177
28.708397	5.516708
30.273668	11.342769
24.102243	0.661376
27.872573	3.754175
25.389733	1.196594
27.121713	2.656696
28.111475	4.190783
27.356948	2.960669
26.984298	2.493787
25.657516	1.353640
28.445294	4.887169
25.105588	1.049826
24.769697	0.899372
26.894001	2.392216
23.659781	0.539456
27.285213	2.864459
26.945428	2.449541
26.523369	2.016848
27.758712	3.562387
24.348366	0.740753
26.587207	2.077027
22.113461	0.264662
27.458660	3.102646
24.707172	0.873846
26.617803	2.106496
26.587202	2.077018
26.684375	2.172077
27.216069	2.774692
25.587293	1.310566
27.466811	3.114312
27.882241	3.770917
26.373850	1.882653
27.617922	3.338743
26.464594	1.962993
26.367224	1.876913
27.764210	3.571429
26.798230	2.289002
27.117682	2.651773
25.093459	1.043979
27.441900	3.078789
25.209490	1.101280
24.499440	0.794123
28.322323	4.618119
27.722146	3.502902
27.517038	3.187195
26.397743	1.903484
27.258820	2.829852
27.593461	3.301345
23.583631	0.520866
26.804094	2.295192
24.872482	0.942967
26.954088	2.459334
26.019006	1.598826
28.091748	4.152872
26.441152	1.941915
26.348379	1.860699
25.721015	1.393809
25.393549	1.198697
28.230500	4.426911
28.301317	4.573685
27.303785	2.889073
27.280724	2.858547
28.069930	4.111376
25.147437	1.070256
25.474711	1.244349
25.452679	1.231787
27.029655	2.546431
26.356230	1.867436
26.193544	1.732641
25.491883	1.254228
24.261004	0.711542
24.996121	0.998215
25.181638	1.087246
26.616065	2.104810
28.385070	4.753502
26.710252	2.198115
27.706249	3.477358
23.328896	0.463211
26.330591	1.845517
27.378866	2.990707
27.804284	3.637952
27.641103	3.374580
25.165232	1.079062
27.184972	2.735230
25.667653	1.359974
27.473932	3.124544
26.399373	1.904910
26.635091	2.123331
28.245584	4.457743
22.483564	0.313843
25.882972	1.501739
27.314056	2.902755
27.131018	2.668107
27.392233	3.009173
27.697515	3.463409
27.752653	3.552480
26.341316	1.854653
27.149256	2.690617
25.736425	1.403736
20.148257	0.107066
25.041242	1.019175
26.680469	2.168173
29.218869	6.978717
28.213694	4.392779
24.672757	0.860105
25.521746	1.271597
27.234599	2.798467
24.023241	0.637747
23.603258	0.525595
26.812903	2.304522
25.687076	1.372192
28.988643	6.276642
27.713891	3.489619
27.258316	2.829195
27.356586	2.960174
24.030819	0.639976
26.053073	1.624106
24.368942	0.747805
27.382699	2.995988
25.532744	1.278052
25.435181	1.221902
25.853817	1.481710
26.589462	2.079184
29.647317	8.500867
27.919255	3.835773
26.143073	1.692835
27.762383	3.568431
27.174061	2.721523
27.720336	3.499982
27.711487	3.485754
26.543247	2.035401
24.700017	0.870971
25.208226	1.100640
26.563344	2.054323
27.517601	3.188013
27.609735	3.326186
25.640395	1.343008
27.779018	3.595852
25.804403	1.448372
28.072189	4.115656
23.806273	0.577105
28.057866	4.088581
28.298912	4.568596
28.193210	4.351543
28.298028	4.566757
29.070115	6.516562
24.370610	0.748380
27.145741	2.686263
26.516145	2.010154
28.126181	4.219269
27.548151	3.233186
27.111948	2.644787
26.527994	2.021152
23.254434	0.447597
27.544062	3.227112
26.554851	2.046304
24.916112	0.962105
24.755869	0.893663
24.605761	0.833974
25.984170	1.573382
26.603730	2.092891
27.525853	3.200150
28.904119	6.037029
27.777545	3.593417
26.681444	2.169142
27.229154	2.791449
27.132952	2.670489
29.145721	6.747541
28.126877	4.220621
26.678760	2.166467
27.150397	2.692031
25.188209	1.090541
23.953452	0.617576
25.745402	1.409550
26.511116	2.005502
27.764542	3.571974
28.047516	4.069146
26.253242	1.780938
27.838544	3.695801
31.356810	18.678297
26.948324	2.452817
26.277844	1.801227
24.880085	0.946274
25.854373	1.482090
26.258426	1.785192
26.068076	1.635366
28.205574	4.376369
27.399701	3.019539
25.529913	1.276388
26.871093	2.367111
26.844323	2.338108
26.564766	2.055670
26.793711	2.284238
26.735714	2.224040
23.799043	0.575186
25.453200	1.232082
25.845045	1.475736
24.859558	0.937371
27.726444	3.509849
27.891934	3.787787
24.978979	0.990366
25.359503	1.180051
29.056552	6.476137
24.760974	0.895766
26.553510	2.045042
27.111379	2.644085
26.291834	1.812873
28.033405	4.042789
26.926173	2.427921
25.732523	1.401215
27.931318	3.857132
26.969551	2.476911
26.917776	2.418547
26.261476	1.787701
26.840431	2.333923
24.875884	0.944445
23.030801	0.403794
22.795576	0.362339
25.907344	1.518690
24.511807	0.798659
28.987958	6.274656
26.906122	2.405606
21.772209	0.226173
27.953017	3.895866
26.813180	2.304818
27.114838	2.648308
26.955580	2.461026
21.931828	0.243425
21.282515	0.180511
23.872387	0.594946
26.378250	1.886468
26.396564	1.902445
24.794909	0.909875
26.705406	2.193216
26.723102	2.211161
27.688139	3.448472
25.760939	1.419673
27.311406	2.899218
24.204022	0.693114
23.738081	0.559263
26.356503	1.867672
28.010317	4.000032
25.926015	1.531802
23.896301	0.601534
25.472332	1.242986
25.444066	1.226912
26.851248	2.345575
24.040861	0.642943
26.437935	1.939041
26.840904	2.334429
26.738978	2.227384
27.882148	3.770781
23.116706	0.420089
25.889849	1.506502
28.491165	4.991504
28.896312	6.015342
27.269444	2.843730
27.018031	2.532830
25.199616	1.096284
24.965635	0.984299
23.643160	0.535343
26.172961	1.716296
27.537658	3.217598
26.257589	1.784504
25.198763	1.095854
28.313146	4.598642
27.572205	3.269200
29.172293	6.830542
25.103742	1.048934
26.173931	1.717063
26.423857	1.926510
25.530518	1.276743
26.651148	2.139093
27.847240	3.710621
27.551482	3.238149
22.414870	0.304070
27.575610	3.274324
26.773139	2.262704
27.485291	3.140928
25.442210	1.225863
27.808907	3.645711
25.642581	1.344363
26.451610	1.951290
27.091418	2.619894
24.985533	0.993359
25.458158	1.234900
27.891482	3.787015
25.103674	1.048901
26.303916	1.822986
25.517362	1.269032
28.785519	5.716125
26.338683	1.852408
26.496779	1.992308
27.385011	2.999181
26.879043	2.375792
26.377902	1.886170
24.813677	0.917773
24.716944	0.877787
26.054655	1.625291
27.955855	3.900965
27.289901	2.870647
26.864863	2.360326
26.610270	2.099202
25.610631	1.324727
23.761777	0.565399
24.866192	0.940239
27.667586	3.415989
23.983472	0.626173
27.367554	2.975162
26.308421	1.826771
26.036845	1.612015
25.564367	1.296800
25.563082	1.296034
26.666185	2.153958
27.386937	3.001838
26.749610	2.238319
27.492847	3.151876
26.740946	2.229407
27.940304	3.873121
25.710551	1.387107
27.071393	2.595850
26.672546	2.160276
27.083303	2.610121
27.369593	2.977962
27.342962	2.941659
26.202942	1.740158
26.058628	1.628268
26.796229	2.286890
29.374499	7.497105
23.373047	0.472726
26.100972	1.660331
26.329350	1.844462
26.930470	2.432731
25.842834	1.474236
22.845932	0.370840
27.075873	2.601210
25.909166	1.519963
27.239320	2.804557
25.448838	1.229611
25.036057	1.016743
27.187819	2.738818
26.968872	2.476134
27.243916	2.810498
26.003371	1.587357
25.250663	1.122362
27.776984	3.592504
27.358395	2.962644
26.009794	1.592058
27.790250	3.614512
28.432149	4.857709
27.092298	2.620953
27.590637	3.297051
27.357776	2.961797
25.465512	1.239089
26.708764	2.196608
28.442963	4.881953
28.850426	5.889590
26.778176	2.267958
26.681955	2.169660
25.710729	1.387222
25.804496	1.448436
27.061126	2.583594
26.088157	1.650561
27.869441	3.748784
19.814521	0.091813
23.590034	0.522405
25.259578	1.126978
28.556673	5.144419
27.659319	3.403025
25.607513	1.322826
26.916380	2.416993
25.357802	1.179127
26.115981	1.671845
26.446418	1.946630
29.010330	6.339617
26.285767	1.807814
26.410508	1.914705
28.350067	4.677526
26.767567	2.256907
28.010369	4.000144
22.604125	0.331761
26.334860	1.849148
28.103004	4.174471
24.572565	0.821321
26.579887	2.070030
23.588721	0.522089
27.245607	2.812686
24.840370	0.929124
29.167995	6.817083
99.000000	99.000000
21.961614	0.246787
25.260804	1.127616
27.612429	3.330324
28.582169	5.205180
28.152593	4.270890
26.852438	2.346862
26.599776	2.089083
26.266337	1.791708
27.162391	2.706936
27.136286	2.674597
28.151267	4.268264
27.864630	3.740451
24.705299	0.873092
23.799324	0.575261
27.589044	3.294640
26.862211	2.357451
30.998112	15.836008
24.368403	0.747619
25.159993	1.076461
25.706231	1.384351
27.574924	3.273293
27.919063	3.835434
27.821097	3.666228
25.993740	1.580332
24.948081	0.976374
29.302202	7.251735
26.939023	2.442334
27.848332	3.712494
23.370565	0.472186
23.867342	0.593565
27.824839	3.672561
26.896700	2.395189
25.606795	1.322387
27.206606	2.762620
26.768053	2.257415
27.029683	2.546458
27.398049	3.017233
27.100113	2.630406
26.331046	1.845902
27.037874	2.556084
23.484833	0.497699
22.342034	0.294040
28.138407	4.243069
24.706218	0.873461
28.564603	5.163205
26.430498	1.932411
26.402956	1.908058
27.656607	3.398773
25.320080	1.158821
25.388955	1.196165
27.965264	3.917909
27.597730	3.307850
27.184915	2.735161
26.780731	2.270626
27.663842	3.410103
25.977319	1.568425
27.826231	3.674896
22.066815	0.259038
27.076556	2.602022
26.107785	1.665547
26.933468	2.436088
27.829462	3.680374
25.717440	1.391515
26.830780	2.323567
27.347378	2.947642
23.498272	0.500788
26.154499	1.701766
26.956395	2.461948
23.318745	0.461051
26.451441	1.951138
25.294940	1.145481
24.499986	0.794323
28.820048	5.807805
26.638396	2.126570
26.126033	1.679603
26.409164	1.913518
27.066495	2.589996
26.980901	2.489889
27.448931	3.088775
24.059480	0.648480
25.886358	1.504082
25.184440	1.088650
26.038816	1.613478
27.933598	3.861170
26.941968	2.445640
27.745006	3.539982
26.525066	2.018427
27.733193	3.520775
27.048976	2.569185
25.709745	1.386593
25.665230	1.358457
27.127576	2.663885
23.968749	0.621942
25.088106	1.041409
28.860034	5.915731
28.060046	4.092712
24.590005	0.827944
24.856510	0.936057
23.744133	0.560824
28.149607	4.265034
26.784645	2.274723
28.639055	5.343326
28.357313	4.693119
27.087379	2.615028
23.788971	0.572525
25.798178	1.444226
28.014966	4.008613
23.088392	0.414647
23.854269	0.590003
27.051393	2.572049
26.778488	2.268287
25.522120	1.271815
26.620785	2.109392
27.758010	3.561250
27.977650	3.940302
25.682036	1.369012
23.042767	0.406026
20.855454	0.148283
22.529421	0.320542
25.875490	1.496573
27.690272	3.451868
24.251556	0.708454
27.474547	3.125425
27.503273	3.167043
25.721695	1.394244
25.084481	1.039672
27.978274	3.941433
24.562582	0.817554
27.628418	3.354921
28.227992	4.421820
28.545097	5.117069
26.213408	1.748562
26.200122	1.737899
25.443982	1.226864
23.992428	0.628761
25.641873	1.343923
26.088779	1.651032
26.405750	1.910515
29.360011	7.447366
26.274394	1.798371
29.041674	6.431763
25.592588	1.313764
21.817777	0.230970
26.961164	2.467366
25.188768	1.090821
25.117358	1.055533
25.872683	1.494639
26.301973	1.821355
24.916351	0.962211
25.383935	1.193402
27.232153	2.795318
26.059858	1.629189
27.197349	2.750870
21.841894	0.233549
21.518427	0.201227
26.773990	2.263591
26.570239	2.060857
29.260423	7.113602
26.445583	1.945884
27.834296	3.688594
27.422348	3.051194
26.140410	1.690760
27.282100	2.860356
26.698155	2.185904
27.319725	2.910344
25.497146	1.257272
27.388935	3.004604
23.985204	0.626673
26.815963	2.307768
24.249025	0.707628
26.588022	2.077806
27.780943	3.599047
25.643753	1.345087
25.763867	1.421588
26.083856	1.647294
26.359719	1.870442
27.203239	2.758341
28.288537	4.546815
27.244104	2.810749
24.059218	0.648401
24.058371	0.648148
27.043129	2.562281
27.655027	3.396302
25.747826	1.411124
23.681930	0.544987
27.304257	2.889692
27.690388	3.452059
31.146052	16.950575
27.097936	2.627770
24.770653	0.899768
26.829626	2.322333
26.157661	1.704245
27.730478	3.516384
26.192964	1.732180
28.848733	5.885018
26.893330	2.391470
25.897495	1.511816
25.022632	1.010477
26.960206	2.466273
27.588620	3.294004
28.086891	4.143605
26.583681	2.073655
28.202625	4.370440
26.817474	2.309380
27.793646	3.620172
27.289614	2.870269
26.424163	1.926782
26.194496	1.733401
27.427028	3.057774
25.673876	1.363877
26.147413	1.696220
24.740676	0.887432
26.417645	1.921006
28.255140	4.477427
24.369065	0.747848
25.801539	1.446465
27.379420	2.991463
23.952780	0.617385
27.682280	3.439186
24.673350	0.860340
26.915518	2.416037
23.866343	0.593292
26.746757	2.235385
27.606820	3.321737
26.066829	1.634428
26.035810	1.611247
27.590070	3.296211
28.005879	3.991841
27.168462	2.714518
25.199590	1.096271
26.726436	2.214557
25.665994	1.358935
25.645880	1.346406
24.637205	0.846138
21.311281	0.182918
26.856374	2.351118
23.696801	0.548732
26.486604	1.982989
22.986754	0.395686
27.115493	2.649106
27.090442	2.618713
26.964812	2.471504
27.905571	3.811678
26.541225	2.033503
26.961534	2.467781
27.424878	3.054739
26.313265	1.830854
27.732534	3.519716
27.809990	3.647526
27.608283	3.323960
27.405169	3.027143
26.232885	1.764319
26.707188	2.195017
26.821093	2.313228
26.118551	1.673827
23.525092	0.507012
28.130655	4.227968
25.937097	1.539641
25.817881	1.457393
26.731506	2.219735
24.509217	0.797707
26.531201	2.024136
26.580195	2.070325
28.018408	4.014959
24.351620	0.741864
25.574133	1.302647
24.725896	0.881412
27.781998	3.600796
28.099585	4.167894
24.640230	0.847317
25.761491	1.420031
22.315069	0.290412
26.064418	1.632616
25.486919	1.251365
26.878473	2.375166
23.827059	0.582655
27.634066	3.363674
28.206531	4.378292
27.500956	3.163674
26.925130	2.426757
24.059930	0.648613
29.392901	7.560942
24.203267	0.692873
26.952743	2.457811
27.409216	3.032800
23.106192	0.418060
26.501642	1.996770
26.635983	2.124204
27.214081	2.772153
27.877588	3.762864
28.931447	6.113507
26.091757	1.653299
27.947166	3.885390
27.528525	3.204092
26.916393	2.417015
28.391788	4.768229
26.199659	1.737531
26.649594	2.137560
28.347220	4.671387
26.420248	1.923313
24.780922	0.904033
26.404095	1.909059
27.135797	2.673986
25.781115	1.432924
24.873133	0.943249
22.810594	0.364854
27.561179	3.252642
26.425958	1.928375
24.068285	0.651114
23.966038	0.621166
24.764214	0.897104
26.045114	1.618166
25.183386	1.088121
22.722979	0.350426
27.135626	2.673780
25.948190	1.547527
22.462430	0.310804
21.808063	0.229939
27.315732	2.905002
27.137538	2.676127
26.074431	1.640161
26.748566	2.237244
28.103572	4.175556
25.267207	1.130944
23.287504	0.454465
26.734726	2.223031
25.950655	1.549283
26.807410	2.298700
27.161183	2.705432
27.023044	2.538686
29.145474	6.746689
23.601005	0.525050
27.138705	2.677571
27.784436	3.604837
27.256249	2.826500
25.364031	1.182514
24.731737	0.883786
28.276284	4.521218
27.296353	2.879194
27.764418	3.571768
28.587152	5.217120
27.656080	3.397933
28.354733	4.687541
27.432666	3.065725
27.948905	3.888487
25.342477	1.170834
26.600440	2.089719
26.308395	1.826749
27.155389	2.698220
26.278225	1.801547
24.789314	0.907534
26.050770	1.622384
27.090375	2.618634
27.001421	2.513526
27.090539	2.618830
26.218683	1.752816
22.854616	0.372326
26.458969	1.957917
28.093547	4.156322
26.909955	2.409857
24.930530	0.968514
25.819021	1.458158
27.927368	3.850121
21.320820	0.183723
26.719699	2.207698
27.354951	2.957950
25.145831	1.069465
24.775833	0.901917
28.079478	4.129481
26.347849	1.860244
27.926339	3.848293
27.334325	2.929982
26.367186	1.876882
23.673967	0.542992
25.409027	1.207272
25.877630	1.498049
25.503035	1.260687
26.953379	2.458533
25.169144	1.081008
28.390061	4.764466
27.460679	3.105538
29.326043	7.331774
22.367991	0.297576
20.322249	0.115998
25.295647	1.145854
22.740307	0.353233
23.839964	0.586129
24.265168	0.712908
26.752535	2.241338
25.321884	1.159783
26.248106	1.776728
27.462544	3.108192
23.672258	0.542565
25.114207	1.054002
26.442734	1.943329
26.198677	1.736743
24.715486	0.877197
28.447891	4.893004
24.603844	0.833238
26.085422	1.648484
25.768839	1.424847
25.848140	1.477841
26.378126	1.886364
28.182856	4.330858
26.399649	1.905151
26.699702	2.187461
23.278224	0.452527
27.498286	3.159788
24.588739	0.827462
26.244359	1.773666
26.879349	2.376130
22.830509	0.368215
26.416684	1.920154
26.370334	1.879609
26.546802	2.038734
24.815253	0.918439
25.997992	1.583429
27.854048	3.722282
26.734619	2.222915
26.490034	1.986123
26.897074	2.395601
28.202356	4.369889
28.512417	5.040602
20.938153	0.154039
25.141985	1.067571
26.693294	2.181016
28.883152	5.979051
22.911070	0.382132
26.745673	2.234262
29.048703	6.452763
24.248609	0.707493
26.723437	2.211505
28.419667	4.829826
27.281354	2.859364
26.838994	2.332378
28.028819	4.034259
24.491733	0.791310
26.169111	1.713256
28.868043	5.937529
28.170162	4.305600
26.665259	2.153039
27.649157	3.387121
26.500349	1.995584
26.727288	2.215427
25.340625	1.169837
27.203041	2.758088
29.555221	8.147846
25.425385	1.216402
24.053798	0.646784
27.080068	2.606234
21.148265	0.169689
26.676816	2.164529
26.359875	1.870574
27.780099	3.597662
27.488358	3.145373
27.031029	2.548038
26.958055	2.463832
26.924037	2.425533
23.219765	0.440507
22.413044	0.303815
26.687818	2.175524
26.772633	2.262177
25.804046	1.448135
26.978742	2.487418
26.273243	1.797415
26.049185	1.621200
25.468965	1.241060
27.238100	2.802986
26.944874	2.448928
27.735780	3.524988
27.617486	3.338095
27.731996	3.518827
27.883802	3.773635
26.775799	2.265478
23.188846	0.434279
27.000304	2.512235
26.542276	2.034487
28.801674	5.758830
21.914425	0.241482
26.542069	2.034295
25.169717	1.081293
25.776546	1.429912
23.946272	0.615537
26.297483	1.817593
27.290142	2.870964
24.847426	0.932148
27.123040	2.658326
27.497831	3.159122
26.934745	2.437528
27.258933	2.829995
27.364924	2.971558
22.838632	0.369595
25.961817	1.557267
24.967681	0.985227
27.241722	2.807664
22.746321	0.354213
23.769285	0.567358
27.958071	3.904941
26.123891	1.677948
26.320447	1.836918
27.515231	3.184541
26.849332	2.343510
25.313252	1.155183
24.937006	0.971407
27.046370	2.566102
27.277207	2.853922
25.278024	1.136593
22.920219	0.383746
28.819206	5.805527
26.656696	2.144565
22.443128	0.308053
28.450441	4.898800
27.763448	3.570161
25.746987	1.410579
23.986232	0.626970
26.745169	2.233744
28.233291	4.432588
28.359874	4.698664
24.265602	0.713051
26.755183	2.244073
23.907301	0.604589
27.058557	2.580550
23.636835	0.533786
24.808051	0.915398
27.283682	2.862446
26.556315	2.047683
25.872103	1.494241
27.543531	3.226314
25.051390	1.023948
25.418317	1.212449
26.095768	1.656356
26.768574	2.257956
26.793490	2.284008
27.854515	3.723078
27.385940	3.000459
27.489713	3.147337
23.694303	0.548101
27.854003	3.722211
27.862384	3.736617
26.217436	1.751811
27.650653	3.389458
26.381620	1.889403
27.612827	3.330922
23.935085	0.612374
25.970405	1.563438
26.828222	2.320834
27.856533	3.726548
26.558102	2.049366
25.178397	1.085624
24.961697	0.982516
28.011865	4.002868
27.433207	3.066482
25.172430	1.082645
28.019546	4.017073
27.136030	2.674274
21.075463	0.164094
25.856990	1.483877
27.942309	3.876689
27.298037	2.881422
27.985450	3.954478
24.212978	0.695978
27.521204	3.193319
24.745068	0.889229
27.546416	3.230601
26.022500	1.601402
27.665788	3.413169
27.167775	2.713653
27.374118	2.984166
28.692912	5.477498
27.067100	2.590714
23.451494	0.490116
27.477276	3.129354
23.676530	0.543633
28.689237	5.468259
22.858353	0.372967
26.293295	1.814092
26.929198	2.431308
26.040657	1.614846
27.484220	3.139389
24.060486	0.648779
22.982819	0.394970
26.982153	2.491329
24.037605	0.641979
22.038822	0.255720
27.915905	3.829840
28.335626	4.646509
26.799419	2.290252
22.816966	0.365926
24.541992	0.809838
27.642464	3.376715
21.533352	0.202614
25.271582	1.133225
28.309524	4.591000
27.528391	3.203892
27.504243	3.168457
27.649618	3.387848
27.599620	3.310732
25.133217	1.063270
26.533904	2.026661
26.532300	2.025161
27.311635	2.899517
26.295910	1.816277
27.631514	3.359716
27.051013	2.571597
27.768901	3.579142
25.367972	1.184663
22.024715	0.254064
26.848677	2.342798
27.240286	2.805808
21.166732	0.171138
27.288827	2.869227
28.740762	5.599567
27.117171	2.651150
25.676076	1.365258
21.777542	0.226730
26.172888	1.716236
21.167999	0.171238
28.224326	4.414338
23.915996	0.607015
27.477127	3.129141
25.935572	1.538559
25.094376	1.044420
27.284875	2.864010
26.462350	1.960962
25.688583	1.373146
27.943158	3.878232
27.723479	3.505055
27.213981	2.772021
27.121913	2.656951
26.944139	2.448096
25.729205	1.399075
24.427925	0.768396
27.815362	3.656554
27.545465	3.229189
25.217762	1.105484
25.609631	1.324116
20.132013	0.106268
25.645318	1.346056
26.902133	2.401190
26.691065	2.178775
27.718980	3.497804
22.326304	0.291918
25.009947	1.004592
24.825475	0.922773
24.863055	0.938882
28.140070	4.246326
25.487130	1.251486
20.554372	0.129085
23.556407	0.514377
25.597183	1.316549
22.803127	0.363601
24.525526	0.803720
25.164687	1.078791
21.931150	0.243349
22.148740	0.268997
28.148738	4.263296
26.736235	2.224573
27.449687	3.089848
25.548641	1.287444
27.519235	3.190414
27.126013	2.661973
26.278073	1.801419
27.618733	3.340012
27.227117	2.788838
28.175732	4.316638
24.487947	0.789932
28.706087	5.510811
24.787875	0.906933
25.773212	1.427717
25.945492	1.545604
27.213673	2.771632
19.400730	0.075883
27.642377	3.376559
23.796630	0.574547
27.151648	2.693584
27.238654	2.803695
26.091716	1.653268
26.028665	1.605954
27.052680	2.573568
21.686197	0.217390
25.804888	1.448697
24.892458	0.951682
25.752006	1.413843
27.761886	3.567610
27.347736	2.948129
26.810104	2.301556
26.008142	1.590847
22.968057	0.392294
27.282100	2.860356
26.542653	2.034839
24.118428	0.666324
28.956944	6.185690
26.864918	2.360388
26.799664	2.290512
27.526743	3.201462
27.230822	2.793602
24.651001	0.851531
27.930220	3.855181
27.554903	3.243244
25.582214	1.307505
25.098566	1.046437
26.248524	1.777072
21.847751	0.234180
26.821424	2.313580
26.832664	2.325589
27.036839	2.554869
25.564356	1.296796
25.399994	1.202261
28.114378	4.196383
27.183081	2.732852
22.403612	0.302498
28.077148	4.125051
26.636090	2.124311
26.898190	2.396835
25.387190	1.195193
25.640718	1.343210
24.939871	0.972690
25.444389	1.227094
21.435619	0.193697
22.702448	0.347128
26.844614	2.338422
26.690777	2.178490
28.141382	4.248899
24.205707	0.693652
26.557304	2.048616
28.468464	4.939586
27.303043	2.888072
24.690956	0.867344
25.588185	1.311103
26.662083	2.149888
21.681512	0.216921
19.606132	0.083412
27.003302	2.515708
30.200083	10.965372
26.553483	2.045016
26.150172	1.698378
27.507102	3.172636
25.041887	1.019477
27.527488	3.202574
26.698622	2.186372
25.850749	1.479619
28.050792	4.075284
26.127587	1.680805
26.707722	2.195556
27.653288	3.393572
25.341720	1.170426
28.681989	5.449996
24.231485	0.701935
27.578606	3.278855
27.786258	3.607870
27.588196	3.293369
26.900213	2.399065
26.836770	2.329993
26.320726	1.837150
27.345898	2.945631
26.962076	2.468405
24.956449	0.980144
27.450372	3.090822
27.759139	3.563091
25.760707	1.419518
25.440920	1.225136
26.252677	1.780475
25.654849	1.351977
25.738800	1.405271
27.964398	3.916333
23.193004	0.435112
24.561671	0.817211
24.429039	0.768790
26.329357	1.844468
25.735014	1.402824
22.704247	0.347416
26.374385	1.883116
27.559458	3.250066
27.647017	3.383782
23.222420	0.441046
26.826031	2.318494
27.409846	3.033665
25.715235	1.390102
24.161820	0.679773
25.053992	1.025175
25.413861	1.209963
27.385383	2.999694
24.997905	0.999036
27.457803	3.101421
27.013305	2.527328
24.515528	0.800029
27.288148	2.868330
27.757005	3.559603
26.776909	2.266633
27.428328	3.059603
25.216297	1.104738
25.365052	1.183069
27.323686	2.915669
25.106135	1.050091
22.759263	0.356330
24.930367	0.968441
27.999634	3.980386
26.296594	1.816847
27.093358	2.622233
26.040980	1.615089
28.022160	4.021902
27.143135	2.683034
26.776468	2.266176
28.137430	4.241159
26.467552	1.965670
26.244550	1.773824
22.853230	0.372088
27.165307	2.710571
27.728747	3.513574
22.295373	0.287789
26.504034	1.998973
26.253696	1.781309
24.823337	0.921865
27.138650	2.677509
24.508954	0.797610
29.125253	6.684255
27.631354	3.359472
26.919658	2.420644
26.113344	1.669817
28.159328	4.284157
22.839767	0.369788
26.703527	2.191316
26.468702	1.966712
22.286806	0.286656
28.086518	4.142904
27.637979	3.369734
21.606865	0.209591
26.771844	2.261358
25.009446	1.004359
24.214455	0.696452
22.058338	0.258028
27.319771	2.910408
26.690617	2.178331
26.620538	2.109153
25.764246	1.421836
23.603633	0.525686
27.195206	2.748159
22.707505	0.347937
26.658405	2.146253
25.538330	1.281345
26.043282	1.616802
22.798145	0.362768
27.535648	3.214612
18.646877	0.053626
26.607155	2.096194
27.183300	2.733127
29.559555	8.164167
27.006061	2.518905
26.188938	1.728971
24.105485	0.662365
25.359399	1.179994
26.311036	1.828973
27.206747	2.762795
99.000000	99.000000
24.987571	0.994293
27.948101	3.887044
28.178101	4.321345
26.564073	2.055010
21.477762	0.197493
22.339811	0.293739
27.166784	2.712414
25.427170	1.217402
27.109938	2.642337
26.220078	1.753941
26.442566	1.943180
25.678805	1.366975
27.261780	2.833716
25.914250	1.523527
27.931965	3.858283
28.652718	5.377049
27.038903	2.557291
22.829594	0.368060
25.623154	1.332389
28.146766	4.259443
26.844484	2.338278
28.348832	4.674811
26.424123	1.926748
26.002264	1.586546
24.450151	0.776301
26.997259	2.508723
26.599137	2.088464
27.669475	3.418969
24.097090	0.659809
25.428539	1.218170
23.341212	0.465846
26.179460	1.721441
24.088351	0.657158
23.626894	0.531348
30.154952	10.739908
27.153249	2.695566
26.350746	1.862730
22.310998	0.289868
25.734657	1.402593
24.605602	0.833912
26.368208	1.877764
27.948675	3.888088
26.387391	1.894430
28.201402	4.367981
27.036463	2.554422
26.266435	1.791789
25.169027	1.080949
27.078329	2.604145
21.767424	0.225676
24.868681	0.941318
25.208674	1.100867
27.021652	2.537056
28.202936	4.371081
24.308079	0.727136
27.594100	3.302329
26.012426	1.593988
23.489912	0.498864
25.519375	1.270209
24.508453	0.797426
26.474580	1.972042
23.276808	0.452232
28.056469	4.085946
26.372004	1.881051
26.881282	2.378242
26.755353	2.244247
25.893849	1.509280
26.951825	2.456772
19.497844	0.079354
23.233593	0.443321
27.465496	3.112430
24.679237	0.862676
24.883959	0.947964
27.265894	2.839090
26.752393	2.241186
26.295158	1.815646
26.100688	1.660114
26.250944	1.779053
28.019091	4.016211
26.728979	2.217154
26.116673	1.672380
23.734394	0.558314
26.059167	1.628669
23.373552	0.472836
24.446823	0.775112
25.793809	1.441324
26.797854	2.288603
27.940434	3.873346
26.420381	1.923430
27.489197	3.146584
27.070947	2.595309
26.437221	1.938405
27.584552	3.287835
26.365688	1.875588
26.988547	2.498676
28.027848	4.032473
28.504310	5.021814
28.165262	4.295883
29.114681	6.651697
22.611904	0.332951
22.195490	0.274851
27.449853	3.090091
25.960227	1.556128
27.192692	2.744974
30.510821	12.652313
26.901044	2.399987
26.230030	1.762001
27.590023	3.296133
26.697558	2.185301
24.342008	0.738587
28.199312	4.363770
26.635018	2.123264
26.959730	2.465734
28.295337	4.561048
26.138993	1.689657
24.415065	0.763859
24.647941	0.850332
26.329933	1.844957
24.129511	0.669734
24.703640	0.872425
24.998111	0.999131
22.723188	0.350459
27.109604	2.641930
25.364384	1.182706
26.696511	2.184249
27.316272	2.905723
27.939767	3.872164
25.891492	1.507642
25.733771	1.402021
24.247873	0.707253
27.025334	2.541360
25.911338	1.521486
27.863871	3.739164
26.358872	1.869711
24.846395	0.931707
99.000000	99.000000
26.858602	2.353535
24.530529	0.805574
23.845843	0.587718
24.776190	0.902065
28.574460	5.186753
21.328242	0.184352
25.896426	1.511073
22.729618	0.351499
23.839803	0.586085
28.949615	6.164830
29.465741	7.818915
25.130927	1.062149
29.907131	9.581474
99.000000	99.000000
21.700053	0.218782
24.880507	0.946458
27.763739	3.570658
26.781391	2.271322
26.971705	2.479370
26.623886	2.112404
27.147466	2.688395
25.960004	1.555970
24.213709	0.696213
27.170601	2.717189
25.754081	1.415195
27.773528	3.586788
26.958840	2.464720
25.132685	1.063009
27.527644	3.202788
27.839049	3.696671
27.082386	2.609021
24.846669	0.931823
25.106589	1.050310
26.333213	1.847749
26.168560	1.712821
26.887261	2.384801
30.519196	12.700597
25.713352	1.388898
24.636075	0.845698
27.252880	2.822131
26.063336	1.631802
26.876124	2.372599
25.051548	1.024023
28.188102	4.341318
27.829624	3.680665
26.170843	1.714621
22.852013	0.371880
26.328943	1.844119
27.736860	3.526729
27.353660	2.956191
28.161142	4.287739
28.167770	4.300858
26.219120	1.753168
24.018341	0.636309
26.114692	1.670852
27.103641	2.634687
27.652388	3.392175
27.662038	3.407275
26.411767	1.915813
25.747052	1.410622
26.726936	2.215068
25.378159	1.190232
27.291763	2.873108
27.318815	2.909132
27.105995	2.637539
28.515041	5.046711
27.395542	3.013751
27.026990	2.543299
27.541363	3.223089
26.679887	2.167594
26.992799	2.503573
23.618131	0.529208
26.699827	2.187583
99.000000	99.000000
26.310143	1.828218
27.257960	2.828739
24.719076	0.878649
23.443383	0.488289
26.306965	1.825547
27.920278	3.837562
27.136574	2.674948
26.726308	2.214429
26.688168	2.175870
26.298409	1.818369
26.406809	1.911444
27.227506	2.789338
28.474255	4.952804
26.094830	1.655641
25.191965	1.092429
25.897237	1.511638
27.631354	3.359472
27.195477	2.748497
25.361458	1.181114
25.842860	1.474251
27.061728	2.584312
27.445590	3.084022
29.271578	7.150153
26.057837	1.627675
27.977414	3.939881
26.017608	1.597797
26.879343	2.376122
27.075755	2.601064
27.912979	3.824695
26.209439	1.745370
26.696087	2.183819
26.993418	2.504287
25.734170	1.402277
22.938177	0.386933
26.122284	1.676707
23.932421	0.611624
27.446830	3.085794
29.619662	8.393308
28.049027	4.071995
26.381202	1.889039
99.000000	99.000000
25.048194	1.022442
27.214006	2.772046
25.923539	1.530057
27.220181	2.779943
27.210034	2.766983
26.228238	1.760546
27.306907	2.893215
26.098270	1.658266
26.110714	1.667795
27.216353	2.775049
25.236312	1.114968
27.879204	3.765673
27.237111	2.801697
26.531272	2.024203
26.886144	2.383576
24.522625	0.802648
24.020942	0.637072
26.022923	1.601714
31.181892	17.233442
27.572994	3.270391
25.698826	1.379639
25.505865	1.262331
27.504384	3.168660
27.748345	3.545441
26.334622	1.848949
